2021747
2075923
2079201
2081760
1979571
2114062
2147153
2109864
2105623
2100304
2134301
2107835
2049189
2059913
2129338
2083604
2094622
2096594
2106429
2073340
2107254
2104858
2043147
2032925
2083902
2081394
2136662
2166397
2110980
2056419
2106526
2006411
2076474
2108764
2149675
2102802
2125389
2052750
1982576
2071082
2072187
2096845
2100484
2067378
2106511
2134593
2111644
1905634
2105508
2062321
2029604
2112691
2085534
2075697
2048373
2082099
1948110
2087890
2108493
2044044
2115697
2068673
2052635
2075670
2049717
2097528
1962554
2076050
2070161
2064684
1875268
2119831
2100006
2044079
2118012
2015404
2100725
2088002
2098357
2043679
2084015
2123359
1946828
2106861
2078123
2080832
2101521
1994692
2111023
2034417
1919332
2093966
2074171
2015039
2049628
2091895
2081567
2051149
2031418
2099087
2065723
2052179
2066471
2065084
2074021
1978888
2009569
2068654
1934589
2108944
2077346
2094607
2089419
2070380
2051994
2228105
2060421
2095265
2059336
2078915
2109162
2076974
2071255
2010991
2099326
2036757
19203774
19910318
20056678
20160231
19540154
19739852
20197406
20180753
19987526
19774521
20263173
19427503
19726814
20334511
19487071
20122626
19986886
20080332
18481568
19993895
20292941
19790607
20150682
20050684
20171674
19639274
17699261
19909787
19958549
19214685
20015447
19959614
19078561
19805805
20664381
18262451
20547763
19028202
20370852
20463239
20363340
20316083
20364399
20100436
20381873
20040610
20459438
20627927
19000812
20324364
20134784
19969109
20159248
20087641
20584110
20194097
20455438
20338986
20625612
20008507
20463138
19522185
19527427
19949313
20355134
20455314
20129829
20425146
20020572
20387539
19895193
19975649
19885704
20038870
19862641
20540081
20328262
19983758
20319732
20254936
19481021
20221477
19694581
19436185
20724752
20172217
20035631
19917713
21772708
19105083
20153148
17275875
19639668
20600505
20093017
20025891
20103419
20007582
20179702
19425362
20040745
20363741
19648477
20179385
20347946
20011810
19824352
19787840
19657471
19905596
20015933
20196415
20041176
20150834
19711174
19219548
20036797
20088338
20262610
20280442
19893694
19920478
20293400
19903667
19158660
19300791
19859853
19661030
20116156
20486750
19476367
19985522
19982964
20389712
20311436
19732095
19754165
20199676
19603698
20327858
19484904
19288856
20217074
18363906
19630741
19929341
19631161
20150008
20280929
20123109
19891922
20209906
19605506
20679725
20552520
20513572
20294125
19512279
20086005
19813208
20252555
20120463
19876089
20215121
20029343
20176356
20369755
19982312
19712017
20056581
20120859
