807184
1414625
3221283
1693779
8923556
10844988
51094
845999
11798495
322959
1222381
1883818
791250
2962366
7612467
743589
5403382
3514499
4443559
2262385
946751
28733
202280
13687114
396781
9813652
183214
544989
4539497
225402
2722063
5171798
3406953
12575680
4195630
774383
4100388
2517107
1600055
20726246
1232618
657623
17772821
6573588
11391365
5567586
1072084
243603
16632174
10273463
3796333
4687241
2344794
3068970
29223609
2892255
4902908
3275787
502572
10028783
2356760
10671923
1035345
2
7175452
6284581
12058846
4572652
8121250
591536
28468608
8004503
3701332
5562402
6293985
2160048
9746468
191779
7557305
783319
4217385
1054186
276631
4452268
657705
1003302
1030871
69884
17732709
857854
3973716
292226
1033627
2143861
778638
729052
2233593
2192637
5708442
2116261
4390316
7879502
2334128
2865885
1951237
2788104
12239272
6550124
4909971
1529365
5409860
3349085
673268
1917268
12046029
1508384
2020474
1008229
841106
984150
9505288
5998754
2764134
2760675
5378973
7972136
9621335
5724572
12432360
4519841
2524753
2330915
699988
837993
247776
7010464
66487
3930748
5229911
1390236
10155559
2127120
2451938
653782
29235911
7562460
5988939
802517
6558290
3024742
6229306
4008764
3815316
1079028
598716
4796612
195110
599070
1778067
80376
3907556
2905409
917849
5071344
1818960
2122227
22870
7856216
368172
373677
1176655
1475675
1853828
29199088
2305591
528523
4281808
701556
2657500
11097624
15412827
1055225
2142072
4390953
4970334
6868183
5887980
5076908
6910801
49299
4064334
1814325
6608566
1599170
7268971
11108045
529961
326019
5070035
53200
594381
693694
403098
382655
3126416
9819046
6374816
2104538
181183
1477909
950649
499524
15086463
9417922
597228
362149
5464601
524143
26207879
934128
655090
3402011
11909161
125362
2356712
8534879
2166337
1507121
20538618
3223596
17304383
253617
363807
1145660
7112914
325252
2117124
6797974
435179
381039
28594287
7386228
1161584
6300699
6806924
344834
28858492
4351808
11656117
1215729
21211004
11005773
2494639
1405310
579603
1862838
1666951
829580
994832
1845509
12398019
10380441
351751
624635
11582867
418763
3
14038801
3377631
7473213
1
5776290
14490460
2190236
11704939
1740191
2437716
11888524
9574646
11165279
2249983
11737662
1131605
2661104
1563271
1111276
345590
2164311
4413284
861066
5382368
12828355
10353543
4581798
817307
1358249
130663
1081001
4041429
19517035
53675
8094315
4943974
18464708
1903802
10551506
1355605
5543640
1078716
1091437
3950404
1738917
2104625
4983047
15192545
250710
2103602
236401
413726
12745672
3573448
1823022
2927742
3257608
7912180
9719999
134421
28476171
4647971
6822006
11892
3145872
968675
5505814
7438625
3418029
4870506
840068
1705708
96262
4133190
4579389
3267481
1480813
1295134
10280176
6648696
18820829
2306893
16296302
10022265
4940842
4549241
4735674
2907862
19728037
9687476
6412131
10255906
9135276
1483548
1325889
3852292
7065520
1609452
28991235
704930
6844051
5905109
647348
6107894
12182247
6116734
8617705
2001834
11927232
10753178
402189
1018105
9025621
9163499
7549438
4780564
4537129
12491662
7411804
2812186
7200054
2936380
2478910
3118982
7281435
868824
19904841
5890633
4896631
1480776
1878761
3989641
5950666
3227662
6725267
7711343
3851519
835329
7598767
1291182
5525260
421388
4811083
3683454
9545812
1480866
4764374
14216099
521371
278697
5252032
61932
1947014
541482
4559304
5487258
749987
3501093
3245950
2788421
537775
2054430
1367454
22304315
2350640
1581252
16910439
3741629
2446852
2245600
3033796
4722694
3543290
6242180
9354125
1
4138150
5347609
748194
1919644
2319575
1196267
12279126
2500974
3638663
1269505
4692996
1452329
1682854
3012426
202300
502048
4779792
2408755
21420
17807667
431872
389031
4689558
7007405
541644
80317
4586982
6629824
10691442
3430796
1790753
935357
951188
3817176
91627
6253401
2796222
3621192
9584535
3433525
1178941
3115160
3883275
2288021
982753
416304
13054552
548552
8087509
5350062
756425
9599739
1224671
5834715
4154644
18877508
858461
465473
733498
703059
4712649
1046656
2318220
5459421
79625
334851
12976836
4520917
67967
2647444
2633286
433054
6003566
12046
14135131
3322660
1093304
21222
4731796
3594452
18854415
458138
4820060
5356259
2875669
1625308
747339
5581188
894111
73340
8939386
1204064
10645318
11815894
1769513
58628
16161398
6012140
528574
471036
1658480
2931139
3930470
1903648
3186805
1907678
29404511
2899418
1383829
795125
120134
11720987
10158289
5968877
3600575
1425004
1363363
4748033
10030284
258864
12138170
2519631
2116070
3126443
444190
842243
585440
2936648
382724
28696685
3531998
294822
1849760
304693
1152142
8425645
4701587
2549214
3017816
3530074
616281
3065776
526545
815301
1007889
556740
1972599
9888587
2068848
3776431
1412705
584215
106585
8283926
5242838
6874094
1450731
5596969
1703167
28514241
7786
6004721
3650531
28695893
1786495
218232
15005865
4074282
1125655
1760820
1867738
24323332
14848918
8786747
5054262
7818032
1034122
965548
3953020
2535970
993269
796713
23450639
2916131
9187815
3737240
130931
5643008
3411940
2438068
5339635
1493938
4195823
10561331
309237
11790000
879003
5035276
2509365
3121897
15929515
1423207
5944668
2897041
7560032
3867488
4607267
8007992
419426
8227399
3292160
613893
6939153
724691
5539758
89763
7899225
145381
2982131
431397
757664
14456295
453752
1385957
2891319
2058998
4438978
1236471
2360606
3860613
4596328
7851648
44064
5606011
1335488
14260274
16052806
2167908
211421
227774
4123011
7367301
290010
2857616
3061867
491601
2990665
37606
481126
516977
9330035
4924021
1033870
5372148
1966883
321172
978805
3700585
1947100
3078277
5376333
12069107
1975279
15441511
2787770
6090167
886276
103918
1
670487
1
12247534
1252423
189185
1977434
28693282
10170973
10347980
14967124
953564
3127587
6005724
1506236
756685
186255
1511836
7931728
1671340
9945716
649059
439242
900523
8254617
3072028
4378943
676014
28465711
2176315
3014909
170385
6383603
789557
1214376
520558
9756796
2031430
28928074
5385962
2775469
903963
1900381
4247923
12582731
1501599
2523018
4697574
132421
1263119
1670816
3841699
1652692
154685
1115473
13003370
7524009
451549
18573214
418246
6649857
6957838
16907129
2395451
1444785
10920617
12349633
8113430
3660527
6675521
19694537
5086106
1064043
13240985
5814939
3472577
7756448
4443072
1099417
1118588
1684962
214197
788420
5109109
9517302
536522
3456889
1713395
4429861
1319782
3131012
5726122
865663
1261027
13184737
6800025
2
18330974
1540896
4993504
9147755
679276
3161358
51617
780697
9605173
550263
482957
3012194
6174331
3468518
793344
208369
6842691
2028677
28837872
14866972
6074498
9910595
4196072
2082180
707534
311064
3447215
2676452
2513982
2132241
1236669
2458311
9483969
6577384
1143189
1232284
596455
1426721
4811183
3841366
5396563
1583874
10934655
14143310
3553360
1247383
4989663
3734939
15075698
4045941
3669553
2056622
13226765
4913755
726371
5437296
1781330
916620
7184267
2770286
1382831
7319019
73240
1211344
2110841
2630000
28388167
371742
1570750
5241592
41992
3030305
791147
29247143
437793
1775257
6794876
17120271
5031427
3397193
5187483
3213840
15124545
3945128
972355
2991114
6708674
1955373
7176859
8256530
10004635
735254
303085
4222387
8296416
11199709
1676908
2046569
12289375
2736287
2064930
5221951
5165092
1362946
0
17600638
2255309
4363267
1702248
3693203
12216308
0
1126255
3180775
6437965
18297730
11472759
895824
398199
10474671
1894265
7474257
2347123
2563293
3110591
4902565
1867703
2
2740451
5797470
16796724
5204808
7368497
7912351
2780007
33465
2750265
5500310
2150226
14519685
4739789
11193951
599096
1136922
528717
4322786
1126580
17215999
6488429
1381975
29521225
782257
5729345
4871773
21560049
327383
1384845
2238619
1906012
2117987
2358565
4211549
6055173
2300441
3881772
160530
3163008
4393943
545595
4151423
4492632
1403393
7603890
322828
561108
1270994
10860007
4167713
486090
1116719
687551
1677768
3490965
90628
3319615
397172
378532
1362156
5203669
5855123
4708544
1640503
3711052
8228548
726479
3237132
21397915
1902052
2322742
1907873
1085394
28442373
4423875
1129104
7836512
1678333
2138223
1
1418636
595930
4431
2458092
8343641
3107181
4607203
83594
30466
4848454
4534682
3981669
215829
4586768
14133879
701940
20277877
15482696
35893
6738019
499465
4672170
6681165
9517838
1
895638
2346977
9012591
1994304
221116
848974
1657979
1856971
1445721
10234083
10643764
9228529
14269020
74439
1429617
5688100
9482705
3910401
3200662
8149334
2811092
1218651
8702668
50479
2039641
10156000
6224506
13253682
10457498
1372081
687747
8404324
3128955
874199
28921229
8084613
28949022
4316478
1
3956799
5698757
37009
2917322
8858717
3920345
18047695
11512818
1290242
595709
12033438
11806236
1100760
2052394
66352
340820
17356544
2993518
9989606
29597720
28751727
16825451
955063
3317186
4728371
28736319
1251160
1432063
3032548
6171673
1239487
11649506
2666527
4056492
3467418
2427614
2869599
4270592
9162766
333946
3283176
2682322
2611626
4124726
4413763
28241243
5261843
2021011
2212332
14544
11841834
4285890
5916414
248365
7653490
1259432
4036234
11089712
4026407
8658402
82992
8456505
1051820
1213359
5803769
3442320
12887945
19726543
4380204
28596106
2853716
28580784
12239514
4620281
2912087
1681040
992019
1266945
7946794
3367266
4769151
9374250
4084798
4827688
4844269
80258
4041192
7562960
11201723
6293642
3764363
491145
533051
4655884
17708652
1369537
5125617
222772
2281587
3575601
3508134
16351898
3810956
1704405
3241170
4325812
5866838
2019858
4489995
28862992
713826
3874917
915712
2238649
2495464
3061972
3597816
13722609
398754
30065841
16734766
1050867
696729
1861786
443037
4301848
22463
8109390
886046
9564993
10648880
2772739
1777704
923744
2017192
5995060
116982
1810533
294067
18988972
942409
2383736
1719809
2603958
4041
7226542
687123
5631207
2299769
4091083
9577984
10119961
3770912
502416
19844662
7736983
124908
8442236
7358808
1382159
1618641
2208121
5501262
2798088
5674618
6872900
4011608
5324932
2525965
746667
6570539
3964906
3238082
8226790
1358891
10100078
12033350
2180120
5313019
3730651
28691171
1477083
28242965
839305
901549
1107971
3447531
263334
13546954
2735993
9605825
1550928
3487572
10880551
2734116
1433945
9266838
7638144
133078
13809371
6374548
1750237
930404
7084401
6901148
834583
3954088
693142
3465160
5305673
9808437
2629884
2012312
238871
815399
9484476
5203227
0
104393
13497540
14684044
2295664
22686
124572
506439
2057861
296564
8194039
1625128
416481
121375
192581
740418
1299537
13910780
593676
2016526
2437049
20148716
1599393
173924
12348701
3945553
4679718
6205332
17000687
3738724
2972104
5213160
8268436
2105416
7924215
354353
17298865
3304307
7962544
236032
4083060
2249828
2181550
26775
3461171
1231577
1238800
2891325
1792486
1215463
37265444
2883266
2023171
17948400
8086731
1468294
397997
14439002
12548598
2963500
2140709
2367267
10181753
9643733
6379300
945014
4518969
244073
2077171
5343931
7858227
603061
1040471
518328
2203392
1038193
4194934
14341654
3762044
1026492
6660714
7404938
279761
2402049
6392195
33930
392291
1110709
9366067
2230069
2859260
10952617
1438514
141948
161053
231539
16263
13973831
379295
2636017
19757105
3391259
349449
7563386
3593655
1256750
11879832
12791334
10481790
14573537
6329562
5989003
10030407
2072501
4793362
2322622
992347
3029513
4176625
4259853
2634383
28818773
6983643
587052
4063091
12895099
945319
2238841
518327
4219303
321372
568585
67272
5166374
1071047
201850
1078455
3350974
569137
1
1361220
1734682
525591
10829999
1691985
1
1242866
29769779
7470221
1983920
7560398
4010307
706988
2880442
2905928
1896549
1356920
1264347
444721
2264793
1959609
1356805
1233747
879094
4871374
4364894
9430458
333682
1780502
6822104
4229534
8721486
20591104
2129745
3934145
3097035
7007786
2131698
334913
9699795
5675094
3260033
6695008
5408155
666129
5177856
6948545
2231229
8749173
7018787
3378380
4684742
31249
915003
690439
5255051
692485
9347526
91405
1306345
508887
128916
1710473
915745
2750841
5504346
2747447
3268017
206305
2279774
2012612
9427118
1832207
7100575
319669
2211349
1451239
1838629
7300319
874949
5148508
6285253
643738
11674008
423120
1483474
2384353
446879
2090749
1
6261908
4671403
5842739
1406536
1
4657211
3688074
4122644
567287
1026256
1663032
6743169
2942230
2063100
460513
2133206
5133871
1996754
10546257
4574909
180831
0
814006
3548836
4443684
4732904
4645040
1213587
4102702
78739
3897852
17395491
1
3159197
2291804
7270043
2231777
2270912
7274068
5488808
6004410
3291938
131261
4042251
7036947
5407538
8108111
1021322
968247
1044860
7684373
247203
4308621
998808
10580941
8991972
1505144
4190855
5243391
2356502
9050496
1489530
1471888
1
235052
1309042
563744
14400238
5490582
743694
1474979
951572
1008694
7237434
2333560
2988828
1344129
5193266
1
462255
22155
9648172
30504
3530847
3409797
259876
7566760
1
4618203
10677422
6764204
216123
11825272
1
6315022
2526506
1901495
3087991
8699950
1347627
28529135
5118624
75999
1287280
563916
1695934
204136
3478330
1823013
665915
378325
28436806
5497510
790390
2181643
24821363
1569104
16226581
20953638
729370
6129681
1
9642808
1929297
1189217
6414877
481542
2304903
3050117
11217630
2498894
3846434
73308
7280153
2239652
2233231
1251801
7900889
1485713
14044719
161182
1540049
28610481
1477503
2628002
595752
4112462
571745
8406508
14716161
52353
357750
864006
292670
3538671
200046
16116721
1663012
17949250
5235261
2607126
9626822
3575611
1457280
889559
28246368
5293224
5067427
5714423
3938596
597397
10872728
842527
4285478
3379261
7935302
1407371
2283341
2421989
2732734
5054269
5905162
1048633
2972720
1078874
5985101
28280584
7990555
4366032
4244215
647974
3567202
8832746
1379621
1273626
267489
847085
12700109
9303674
810181
41618
4989089
2045433
7618406
4414488
66994
10867209
784924
1460381
5026407
3738754
4345350
3784072
8849972
28253189
11190425
2781701
1830758
392426
1496981
1872607
2089129
150510
149218
7204389
1897917
9119900
428074
2373415
413960
531424
582226
371105
8828343
1328075
4441328
703319
1773137
8757814
258971
1007893
16475977
764705
695410
1750824
224955
922688
4423393
6910184
2813788
4628190
186545
3799074
5931334
6264362
1434962
15663787
2572085
1920403
6150513
10302070
175931
979484
12372931
15053853
4892308
1950711
9521
2829924
6528
298746
1567628
2098045
1136541
5742403
957229
12510661
350883
1912025
2314771
1816839
1458012
7543401
403944
1
2517271
5468410
6681309
5629037
1257456
3667570
2551263
6491401
14528049
3513884
3240546
1200789
14418015
2059872
1563045
5700860
9464066
1410661
725280
4667615
3388315
3382681
15562114
142216
7737942
4318208
6810078
969120
2155448
2216561
6796283
4822820
1966419
260150
570615
447390
3434932
1693443
4403133
1946189
1986708
1498033
5516243
982299
873942
28455034
6573577
5993453
322040
2681413
12185365
458995
1502157
1377759
6963466
2267343
1807766
19713338
3909255
11613972
5539641
955963
10663584
2683216
65842
1781489
1166481
28847360
162934
3633892
4928737
4027743
102304
6528530
754016
87068
5116600
527332
4261949
1064683
2915973
6356082
4425764
2245551
1176886
5756917
1501025
2020904
64284
3646168
359760
831984
1618939
1719331
4617299
11749976
7871439
1463262
2234716
9104599
328067
551572
11272208
230475
296478
1936950
5365328
399024
4193685
1273271
534240
28506307
2757047
1
7006829
28554262
164524
4132732
3397123
2209115
2490304
2575491
18876449
18430734
5350958
1346573
4508918
159714
654432
84892
2651977
1145018
5638540
5517026
7018361
983383
1514898
16694024
3992
83701
2913647
2445741
4794313
577850
18821140
67072
1566284
726637
1583985
1502840
4379623
341108
3370753
2062187
569639
8799972
3009342
28287834
1268393
12118687
5474178
4426372
1487297
564342
3421802
3817622
3896875
2658936
12711158
666770
2276698
3440557
144832
2021112
4784752
5878691
20261504
9023957
8612975
17882429
375914
2251634
14263782
16662326
1522880
1546296
37705
13297758
7362044
3221647
856453
4598409
14580951
7469274
2072020
2100036
3211879
7263091
5098
4155790
2640406
13516239
4465163
2199234
10151826
10589629
2256288
66491
36803
3058572
10926151
5965472
946455
629174
3338186
93864
4280806
15982734
69611
1047434
1
12714278
5686747
172693
2354436
582880
1490069
1032091
5942160
3025278
10231967
4157823
1979500
10495495
3195044
7300536
130047
5614906
6195051
7897725
15722087
8699626
13699830
11485553
224690
711364
905517
4612639
1494991
7868712
63215
9340067
6332675
4033839
2707371
1788443
2537745
1513682
4188300
1
2051938
2064016
808744
464858
1539970
2038943
8435237
1659154
1947655
3773120
1892776
358429
6127866
3451315
12030534
1
2115194
1255276
1596300
508706
942735
7088519
307190
7393510
405765
2421332
6945341
395316
4235622
3667892
28293625
3019043
2279841
1558843
93231
2485419
3045233
1983658
536760
3271027
5034984
10185749
2250475
2521232
33812
3868011
112953
3427978
2921108
673573
1694845
2065419
697408
323927
6561709
5039924
2432519
7722183
204195
19123492
6495355
1618323
1193833
15229004
10089560
388033
3089671
2922877
1962871
6828792
2589740
613908
1109179
4174302
1385420
12211684
704838
1206982
3167660
4026921
1971077
7377112
2874431
1499762
5250831
266855
2803199
1061673
1438332
2508536
736570
4368634
12349704
7416778
15628498
4507928
1193734
1250054
3078818
1066446
4818402
29689759
28535485
5348891
13479168
2729694
377057
11274979
116996
1220892
1666844
2865373
289286
6698605
1979968
8438178
3132678
7550
51773
347972
1468405
5786351
510122
693952
4551838
2523646
960388
891498
4061977
1594717
4913595
13526982
9039703
9825700
13210239
4444623
7864551
196054
2349082
12515250
1762132
1112830
11840258
2422687
1186772
761044
5982202
1454073
4292679
1136510
6940604
12637095
8571043
550052
1779055
34416933
16973
11650138
1748778
4462637
447524
1084390
278818
3067428
7654583
200505
1685832
4418984
17745368
1643248
315308
8235919
1129377
3147052
14604994
3731606
4134243
6587533
2458285
6232296
6517348
1994346
2008997
3870526
3420844
2137965
11269078
2860006
1615022
2600694
893139
10850692
10952816
264115
302105
327653
743589
1986799
9978857
14933476
4938002
3369901
5359945
2869540
1587659
1482211
1900867
5326568
2431945
2012645
1877723
576285
3175620
10540345
8868516
28343009
5118562
7436596
79805
11104331
3155969
8875717
11610916
3631744
4633046
804264
477016
6881667
3403731
3104776
1317007
9481965
1550539
1
4215410
2798965
224403
19355658
4451901
46792
2292291
6974485
889145
95861
414561
14190402
1002202
16885453
9264186
9747290
1373456
2222448
13011485
2513844
4539733
2861290
14710798
145859
4481057
211231
7401284
214958
3673212
12152454
278289
6894488
156303
65419
6568522
404269
3916073
701022
2587028
28365462
600959
3136310
5934898
320373
4443910
12940751
4513222
3851109
8198370
1653820
3866132
431536
1957370
15112305
9212459
7613623
1258855
1156905
669010
2626442
2772480
452388
7078346
5098711
6845092
1498695
4102786
3161946
28683862
22589860
1021797
8404002
5732365
9324730
3242312
1032273
203204
2392536
6554168
3163993
1231767
572121
2444286
8163913
0
1263362
15855514
28751049
436364
513118
1114217
567908
2752816
1827453
2629965
3431637
4203284
1557894
10518341
686695
11533318
1439764
2089383
5710164
2514816
13612536
375922
12413638
109066
873657
1280071
17826417
2491809
2098864
2289012
57512
3089413
10589191
28456547
4076277
577775
907073
7832283
1164225
5444863
8354715
12372249
11340998
1805825
12889310
327423
3517337
0
1032313
5558057
3835335
3950148
12766340
5781138
4497177
3235496
3306789
731975
16835319
900785
5580682
161712
40176
4250074
1180984
6190598
4513843
1218185
2566546
2607116
6289665
28677122
818345
1101733
1792199
3980113
213797
4946097
7352623
109818
96591
2785454
602622
1497123
5699173
13143151
1409670
1404444
6918337
3483017
1567844
601651
1060964
397498
2116068
927048
23715
2759412
1098413
1
541347
2168564
3049484
181972
6518066
1510693
10805406
6579477
3378084
20105242
3412489
28877507
202686
86315
2436876
2198550
1481184
3816583
3601532
2896418
3884565
5562164
2821315
3866185
2258068
2275816
2665173
587276
1213907
8309569
12913507
6924216
228190
5078986
28652506
3750376
631636
6446724
513018
5543924
364782
2116708
181573
528440
433940
4878127
970875
0
281340
38140
3136537
2267193
28351019
1001839
2135043
5962138
18009104
1106906
4700557
405130
9641354
7773710
9809474
983401
3332479
1
1702151
3605359
639277
3562348
1813175
2592492
9382471
371447
1698038
4422662
11982727
4070775
3594090
261971
2145781
240910
15488925
19001088
4010745
8312185
312145
5717968
2412220
5721076
5455265
3539099
6224057
5376550
618622
6193978
226293
10406469
6311061
2848044
5997846
2752112
675174
5319719
2233109
1605894
7330568
210625
14385668
1
4536901
2915337
7947261
6522604
5668561
9986542
1015703
4820901
4366163
8219105
1089134
603271
3151707
13717504
6793334
8064735
3826036
4728520
990094
4228033
126885
623556
17502736
3702593
167077
58817
3744838
652396
1801828
759122
2475220
5494175
2313127
3103905
4116244
0
24933782
842349
12132319
11672912
33745
5323044
28435447
1076927
7403633
7159862
3754795
3883132
2621411
2052057
15133561
3104765
6152555
1293126
9494522
4336851
256904
3339787
218743
28637259
2297911
5486194
1032013
181257
3659087
2842938
3019207
3995119
144603
17745
1908707
7088977
8103553
842030
1938010
5578808
1577682
6992613
338291
12980919
13934458
409641
3540982
840424
927255
9418165
3194765
6991340
6837364
428590
1780798
6570346
321453
3075382
7776540
2305640
1323126
6563905
6580084
2460147
7787983
3515194
18505520
1104270
6748828
2087828
1404686
1136061
3121608
9009696
3746912
5928630
46890
6558046
14102130
3021415
3043396
16060389
3279561
2231910
17488691
9102054
3189148
2545471
772626
3059771
8861382
3781477
579581
208553
7156918
3439368
14249448
8852907
1705522
28533980
18345269
1591505
3573295
4477487
7609961
5552090
4899911
6626890
2022851
3616995
4068
9194601
170628
582704
875357
6824565
3854544
2698534
2258490
730519
7586172
2937339
118826
4772881
3325300
748101
4964072
1
1078924
14491929
239868
12931253
874250
1591946
28486527
13733
2674723
1860132
723363
6138300
7406722
176206
16882521
191436
557098
478989
23117667
2354744
456313
2395441
5908476
532572
350934
9538055
3285112
12648810
7684090
1
1383628
469837
3192565
5007630
8352880
8879484
3717328
5150195
986256
986910
1862320
507439
10736833
3434199
3636736
1689249
8517468
1337350
2189153
2514966
5038827
3431082
2012882
3455724
438887
933126
933454
3218964
14430328
595733
4465116
1866210
3337015
1140226
6371714
2799586
1177894
14351602
6033645
990442
45384
2071490
4518011
921259
4895529
10310541
20723690
8455257
782217
3110394
1579715
18473674
9621815
2970630
3751075
12444221
865474
9719920
6185937
7480963
29216292
888247
1361542
4499333
5623251
2571074
1845942
1
4681441
9396615
14383588
1684929
12119315
3951112
11628950
11666033
772952
2994739
7057962
2424885
2851619
3782385
13881008
1815919
11357250
3824964
2324798
4245046
4887970
8287768
10131777
2944315
6241236
9954579
8775864
715085
22109862
3035463
5042990
2491497
1659953
5683613
1828969
3535109
4387473
12285479
479128
7673452
7098325
4872748
4547923
2970771
6342609
4230074
5949175
125544
4293322
8113114
3450444
846910
3097307
655670
4088133
1435063
908078
11667177
1992755
1415350
823656
644707
2427875
3824744
5895382
1189847
754006
8360070
1071546
8424765
1920335
2094997
28270228
2030448
12327651
14317452
1140367
4690179
1883495
3268175
245965
7048113
1319590
6055930
17773697
452869
5691675
13082064
123187
1825048
5154943
3034088
1291579
2914842
4581471
951691
16646137
2805552
587567
9569688
6324223
5095744
1364824
3281414
7337136
8522734
1838428
267840
1800820
1019938
1841604
2968022
5408865
28794602
10096423
2720901
607826
2282848
533251
677576
8668031
2962397
11376525
4706808
7022293
3530541
6673598
1593681
12411850
341715
4798167
5055255
7511742
3737038
1493169
3550406
2822403
3741011
4544982
704090
2266494
1454993
752433
20046766
5053600
1359047
1202674
7739300
1332125
1237009
5189033
543038
3867716
1319204
81925
831363
8430508
2651297
582579
5842058
2518706
8195220
184209
865355
33119
300206
114514
2926187
4568848
2659534
17150686
802269
29053588
322895
9399237
464736
1510501
1258968
13687283
1
10404301
1519222
702567
851109
738166
1642457
2079796
4209224
1883390
4499936
5975870
2764450
1308234
9340350
3277626
6198300
799996
163978
6921893
971214
801513
10779173
3234065
2341144
1917061
1101426
599783
2
62666
3334545
1205561
9231934
28160435
7414179
2493390
2995261
957081
698584
2802437
7389592
358724
659774
4342299
5846608
3928949
48008
13421562
2373895
578082
10422580
6729032
5427767
3172106
194850
11632159
10496906
1116702
768686
879340
6398919
3869882
17303774
2851696
2407310
692303
1089483
1983573
2274804
0
933476
618816
3551259
204211
1595017
7546482
1390411
997384
9283417
19605501
1273293
5582683
623339
864607
10976772
8035423
1158830
489413
2170019
6651994
2453251
1341215
396177
2031087
1329121
985509
16241614
6840639
4660327
6095019
487609
4280852
6506935
3351624
820252
7000957
5357682
7268421
74160
90128
3172189
1461405
7874656
445945
1653986
5406539
409349
2540473
1
5910449
957116
428954
527872
4344876
482361
17929513
163370
4763116
2413641
432427
6278022
82748
2166723
4994401
9072071
1058567
5213274
353118
1188165
4156379
1916911
3530601
299240
3170226
0
22716
4246480
72400
4165794
675100
7549441
10158052
2980774
347873
6356578
768208
10153614
505938
415118
6437433
121515
28504372
14440410
23050027
4493319
6474470
1919732
1
2422206
14059132
3275978
16399595
2600955
4996164
869477
28391735
3150573
28313497
1029161
631586
3791204
1981486
2905769
9989811
3423670
401115
4873280
1582801
3289000
578650
8611030
1440367
966981
1801725
8150721
2703929
4749708
28716162
4757358
1704484
2750333
4246797
441285
3364511
918999
7074700
2102062
2241416
4078782
4886
1018773
659012
14078875
3391203
29374523
2865373
2082184
413227
3239056
2481090
8429773
2118989
1866607
12301549
5924158
4205266
1818777
13545079
12127678
1633653
11243878
3998354
756905
679239
4076257
2573550
774866
3407894
1041867
146977
2485566
4400675
724362
978644
571630
2029704
3234692
1349522
6867268
11714165
1463657
4489086
3874675
9835999
904407
835609
3126160
429016
4063612
24719693
1419696
10460858
742846
28375206
1341065
5768947
783022
1303108
18112431
2974400
1952240
133117
7274329
7857923
660373
1338645
28588700
17657761
7896440
2279684
334035
497448
2901545
698800
1734746
1046242
6988067
506161
5854279
8178515
4092650
14902787
6332713
33448062
6256467
3511668
986544
4146029
1013391
976398
8471095
201603
4750159
721213
3091796
28535321
1599827
2340117
6323217
952193
4039986
872554
5141600
5229970
681361
38603
312777
1338097
11061100
1
2506865
5947637
2774944
3357215
6240961
2173345
968542
3194936
1329066
4246985
6747199
3862384
668480
1383151
12576331
188410
28585884
3574468
4137252
852531
160985
1335851
1168393
8445820
14566381
9446141
9976209
1984222
2310159
0
5128123
1246928
316752
8318279
1450053
1276831
2204239
1589906
4966
1241746
2697111
1525855
4289830
2891314
1932693
1013671
1322643
13671815
3230261
1259800
10001765
1838948
7050347
3840533
992157
1347704
1803384
2290126
23387
7864192
6810
17716683
5090431
126523
17765964
7581444
1587550
6086605
14911058
1358258
500281
2671375
1635983
7983612
485610
3567166
452181
2219712
251915
3097180
7800914
791150
372271
7754007
6915413
1352414
1105755
865120
0
9804395
8236295
307296
8903147
111255
2077292
2625126
7051021
467869
11011913
362978
451917
425509
1615741
949854
16832268
28808742
4363974
64949
4392901
3581682
2660718
7908248
11682642
6836468
1270399
8756738
8439713
260696
3954569
6404052
972306
12866710
3024194
5883912
2158332
4090539
2999390
7559781
1107807
24635432
469526
1653494
28581668
7460941
22522
7774290
1265174
1265203
1828038
2846206
2859139
3723419
0
2564761
12833312
3037934
12415784
1798829
4818186
1978998
1823152
2825218
2707481
4475954
864429
33363
540795
13271924
2846959
2333597
5965003
28374021
38788
407080
2931604
8031756
8592696
9017172
11268152
4070917
28226103
12000583
1263106
1465901
4379280
7176838
880755
6095039
3174252
1291626
2459369
107698
2607538
936291
5077721
147079
4038
4588076
2302462
4222983
11085990
9683354
1960706
5308184
1603806
0
10222998
2153815
402979
8536709
28731645
786909
484694
9353530
6050981
535924
2737811
11892713
5089969
12314767
4062693
4791
1200736
4309137
2281187
848879
134991
1647061
9636460
4876602
378185
1214408
2236389
2296315
3256044
296429
2641226
174154
5515042
39614
968244
15001386
1733489
1185923
396286
350993
7205437
2470741
2268976
18271337
4660660
28357663
24549078
11977747
1191655
1486045
14307351
5093081
4540504
28536933
11713
17409563
1088979
2472005
4654868
11947948
6241616
1623042
1
2217412
20864243
1314802
1308600
1761256
2947319
10882502
1050583
3738480
2081356
11407835
13070382
295697
11881248
843849
4998055
635876
4000898
13923569
1936547
1302836
1275074
1340738
4366161
17560986
30734
1291075
7732505
12551493
2475229
1470804
5652575
3737069
22054
2565777
11812495
3466912
12034724
5631654
2916014
69647
4303154
9951996
498343
985976
7513071
337488
2090290
226402
118516
5431897
947974
10984368
5800950
3421079
1899880
722071
1537997
2036779
2720071
1117228
6377817
301301
3259463
1684597
9372473
3020115
132513
836011
2069790
17090022
4095816
2304594
2014513
892165
1556861
1237786
3227253
10084491
3019374
9530586
3999171
4609160
8278769
1579632
4984286
4173033
2121733
11277232
1164502
16013354
10930714
6955646
9093570
2543956
2063780
1722994
1595495
7535821
7266981
1481195
8464022
3820410
942158
2565099
7904791
454311
4631540
10820290
1008574
1467293
28133811
3000246
1075173
1746144
1654568
11338183
4478497
39955
10363650
5300777
807303
6269518
4201751
2864724
2994930
3336476
2512250
16516580
3265301
7632619
11404023
6437617
950446
19984885
21248556
919675
1212578
28352555
40412
1337131
238500
337364
2500115
93985
2187824
74159
1224596
1418671
161893
6185412
2057416
2735577
28357404
2473547
3278801
9524366
9868931
8705722
1255195
1064326
3012941
4820363
22617169
7030
11292437
3072125
2948191
1900303
1359274
6610278
775670
1236428
1664676
677905
863519
8116247
727553
21331236
8635369
1329065
12042292
1046647
1966451
29371579
401196
1270757
6155842
1873065
6478073
2411935
2066630
1266085
7229208
1821421
6004849
5140402
9825074
191052
1925954
15618174
4647559
3673139
4299708
13043790
5933930
10479582
4763813
18415402
1403721
12638491
6752724
72907
2712813
10019958
2970378
28561480
7174044
12036594
13893045
1413238
12711634
67455
840592
728179
16119600
11300167
4673505
4984093
708055
2246378
11191526
4059705
780194
1048149
275356
1184762
1167053
1983912
439430
217216
555954
151681
11719625
583102
3263892
4159347
666512
1878188
4560034
1758703
3822055
2142359
12348370
3220442
2736785
1422126
1243261
2121558
16381616
385563
1604580
918198
28536853
1987618
3803922
8158574
3421218
6931636
245078
12660414
2461540
1079590
5705713
8243452
972020
919055
7264372
6674
1357723
10524518
1920451
359897
28524730
951957
516315
307431
2944554
10726
3400835
2015795
1429552
1883792
2307048
5202381
4274909
2455928
1379502
7731781
900162
10828712
3921460
11181545
1829347
880558
467866
1221361
4125915
2603827
3814239
6058692
1493484
394639
552538
1819457
1729549
129153
8475493
4568617
5448822
1392882
2007541
4117562
2877057
3165608
191860
3647454
2116360
1785883
1379350
4873147
1312791
1098920
2599364
6804020
549595
447380
889066
1233077
2864398
86715
284407
3554736
3251873
15024796
633451
627073
28693996
6999329
1198552
5842618
336301
14099634
4817413
1741888
3782805
10362235
2510803
558098
4394424
200552
17156192
3350859
5877222
731797
3840910
9409082
59313
469665
6814413
1611939
3528402
77691
13119063
1889281
28512756
4764576
1514273
7553661
1795054
822423
3937817
7755234
3702552
2137654
344977
5360672
456123
18644161
2605109
97618
943674
3061854
12466616
906841
3253207
1285960
1684685
5624194
6936782
4697916
2033693
2211260
4721061
8666984
10725721
14049994
447963
1729061
11497663
5132920
2970715
5734598
2285127
1140469
381378
3769660
5942879
5019496
557192
6195000
9253512
5754117
723591
13494
1931390
10479486
514296
3363682
869963
8488673
1767503
160558
1785110
5159418
38476
4003597
8480537
3047934
4276640
1419533
2252165
6186923
4762806
257753
153339
7617952
1689368
855673
10204710
10241310
2059351
2142987
907746
7061228
21198257
6419290
983281
7947887
8402724
17047428
240449
4657781
14207945
1998458
3175224
5787245
1202262
1
7455949
23244466
19930609
11234350
1
12275816
10771740
18368866
8028686
2601299
4342339
522474
1010427
7773362
1227278
1032380
5818003
4011138
5062621
135545
519619
11045993
23058253
17097033
1747861
28850351
5352811
920921
58492
17384838
964317
1033411
892963
4179989
10614646
1811797
6497942
4001727
4592018
173471
45087094
8450931
1085476
297451
3946273
7329812
2398468
7075061
2028078
2752577
1014939
3596672
2150310
1295794
7373555
28925077
26434403
6836636
8859967
1984196
1477697
1570637
563870
1388317
3645470
281191
8827457
1123943
5219463
371932
2534232
2173613
2339282
2015139
269346
924888
1686862
28186850
1674532
9571865
2488033
1035772
2157074
5300334
2351601
5919787
2207738
3561458
1671483
4356067
1874054
798464
11775942
1904037
11335179
375476
4854254
421960
3386248
18257438
15313078
9692360
6786481
1486893
81822
1708865
6883
158783
1102490
815595
17759543
46530
2026294
558036
1002066
285141
2166393
5947373
5487548
649396
3404486
880493
7056504
7902457
5522902
318583
6615190
3146351
7560
1056338
8095171
8466116
3553037
3742223
0
1
28683949
1507176
7405796
11029352
2405930
59802
16134449
8675487
6252288
28835971
777261
1132268
2155351
28614304
11496631
1455837
4466622
2698815
1067813
2377533
353091
5591443
4419684
4211887
3513388
801511
1764380
7482599
566392
4197352
11784930
7172776
6726041
223364
2001249
864221
13161905
2366206
2584804
2133565
1859996
3420468
832070
2435538
5319392
2030672
1616697
6354011
6373798
234774
10904305
8321613
522644
1844349
20781971
1094092
7455002
15642499
1250647
33808
2462571
5038054
5024212
2991193
5157342
28497909
1
17223473
1122174
668361
15021869
11292389
6251219
3111729
7753399
2280042
2378030
2347092
41752
2000317
15789307
16327024
17235834
28398522
3010600
1599928
20443100
3131350
1865843
698155
8318759
11375624
2010076
1177588
5213080
28481456
331799
50134
2025607
11219593
1101482
137005
405098
9540700
4423479
3788482
2348715
315243
1420144
5018990
1882618
1242041
2592746
3473038
1400428
154401
8617769
900818
15822454
3502305
484639
1895046
2133452
8852789
3982467
5963333
11977134
1025977
281455
2465469
3520294
3339219
1264570
3893186
1725544
398050
3007153
2790560
1022040
12152100
16216033
981902
1513013
1860510
1535238
26196
49637
3733307
181831
1204345
1036176
2777782
3344046
3403308
3765684
796350
2382794
3889037
3988834
3521184
4052744
2884086
1501170
1271102
2917259
559731
376282
18414
13675340
772957
1304342
3911850
7151172
5750505
5400713
106259
1954234
831623
33555
1056528
27744
3781736
888434
5006032
56990
10480496
3847750
394631
1182395
1760417
696100
4935687
11955203
4036004
648735
639762
3458444
10405811
584000
3236526
1234329
2780500
0
2769986
32864712
5931870
190240
20301336
1324131
4850046
3591389
6267434
6364481
3217428
6387285
851164
4512742
311783
9061508
865829
6940992
1084532
759974
328625
3869918
6242962
16397486
639522
804990
1905656
96711
17264
822543
1998611
2161912
7899812
383051
1606849
8251886
3068329
4661774
621468
5082564
3520075
6665037
62836
2990653
5758271
6188462
5443716
906174
28666513
8950466
6510843
2396240
5156899
527621
14559780
22140572
63353
828513
17383544
13588548
11220378
1443122
5563130
579188
4868417
7566242
4810412
4582055
1106112
8098375
5058416
1888800
2531678
11928014
151084
14152425
1960866
2801537
11432133
4148077
1830609
1733087
7800067
366064
8297109
8846868
169394
620976
2562400
3558424
6700695
14225271
314891
143371
7955942
6736862
201453
1342676
2999291
1216842
8447376
16506600
2232331
14298103
7255773
3014834
2487171
9166102
6732416
9043883
1135399
9389666
0
333749
17738279
1095471
1032330
816440
1301181
23348
1161521
1721717
5889288
961105
5307038
1718062
195342
5354850
153982
1434837
1018871
8348152
309029
16824081
359356
2065844
14780566
2986958
5280853
0
1204594
1363129
1269266
2427670
1539326
975301
93807
2821063
2226016
5109888
164070
929182
22706
3931573
181908
198796
9727134
28727476
2288024
3559024
11940000
8229046
675758
1676389
23191598
14577581
1226920
8596543
6887841
2253380
1145718
2371545
2623484
7276746
1
11746464
8942993
5837410
12237127
14725
7037638
603585
28288027
15552189
887437
3508896
2049542
5951781
5639503
272560
98249
5483565
4072535
454614
841820
15710307
759068
6480170
988727
276452
243380
942099
497950
2741875
8104291
3774902
2477844
9687203
17665943
2044072
10200179
6181345
5131441
1
7967316
2469228
7572746
720923
486786
12384
3696364
903200
573725
2213137
3027154
5184807
3586309
3706655
10262611
3733446
9023505
2043849
515784
5033461
7950968
5249852
11808
1054812
8724396
2639841
8487335
478298
7233819
3874678
11904934
19381822
384226
1891282
1330909
2309076
6504815
2189758
7378110
14177112
4293120
5424746
11310350
2116852
246276
1947459
4404946
4099941
1501989
2894079
4684293
419517
343798
908671
1686733
568683
2411462
12270149
1001644
4836124
2559678
14653760
6651276
1008854
2685145
2
467453
3694886
84681
2740785
2387187
3959226
17166764
11718383
714048
712082
16123931
28772239
3145136
1530385
4205331
9854621
6400174
4250025
1200410
8661456
7396801
5222209
492623
280253
1
213904
17505286
495474
2299000
29168
2800158
8184571
564330
6122464
12010542
2722605
928964
7909975
2554033
3545297
2577185
3188077
7733812
1313243
1321872
10197506
1273166
1072407
10364872
681706
2167651
3268361
2674540
443346
803208
8064210
14061455
1935347
1559540
440442
1386616
45720764
226791
6660125
1079251
101192
10219198
515813
1398933
2000772
384122
4353728
1167229
879416
4066824
7506431
3465058
5946321
2473266
6226738
10160366
7509019
5125638
3953014
18367
7420576
2061164
15386587
7461974
6376019
8979605
5118028
8715442
3078030
190451
4528114
8934455
8972354
11540167
9757276
11839876
1277551
1882458
2620829
8687775
5670490
1630284
1
4510658
125364
4077634
7760033
6487602
6544940
4774690
540275
8881442
3298746
214039
8122088
1010087
2746000
5298610
21395675
648798
6535231
4444341
1283530
5622530
4562758
4621904
28382104
295531
9321790
7649328
9254822
1
2585880
7320891
31670
579501
8623175
10722056
9104378
3146734
849525
239194
3349047
875190
2755043
1029102
3354608
2279949
9529692
1048016
14367862
2809571
505287
10602153
2527098
1869098
9002991
7585918
144615
6849
1512572
1969223
8475229
773668
193796
3049286
16342637
697899
4864785
2956983
6610647
3007211
4565855
14914279
1715539
10871485
751255
2096188
5992150
4623918
17078650
4875605
4540284
7090657
2317434
69856
7740455
2796480
13533
503958
158071
7251828
2534007
2934980
3186094
1869881
10137503
12694309
2265420
9764133
1336599
101420
7922650
141007
1826988
728650
9767048
11945153
11829287
234002
1954527
1607080
684090
932024
1388700
2393307
6130989
1137001
19240366
3120581
8760993
8746056
1194337
4488824
337405
4193699
7182
4062132
10043968
7040928
1035160
637383
253254
1626780
0
6502964
452983
3088946
3276637
3955052
8985556
2244688
1979113
6304944
578115
1451501
2323286
2993168
499561
28859537
1125526
5734738
4290570
648623
531740
7836998
989731
208697
1258440
9906213
1437989
1
1123622
4027622
2233152
169322
1231101
9724996
6319644
20450583
9423334
87144
278904
1
491085
5235593
4409560
4948447
697107
19397485
1107104
1737152
1160146
1863544
2577207
2587037
8828071
7205350
7968805
939275
792730
12217715
Size 4Size 4Size 4Size 48709129
