g++ main.cpp  -Wall -g -lSDL2 -lSDL2_image -g `sdl2-config --cflags --libs`  -lpthread -o draw2
./draw2
Starting
Time = 1642317075
Started, allocating memory
Thingy started now
This started
Placing points
36,232  I: 1
72,132  I: 2
108,129  I: 3
144,133  I: 4
180,138  I: 5
216,221  I: 6
0,135  I: 0
18,183  I: 1
36,232  I: 2
36,232  I: 3
54,182  I: 4
72,132  I: 5
72,132  I: 6
90,130  I: 7
108,129  I: 8
108,129  I: 9
126,131  I: 10
144,133  I: 11
144,133  I: 12
162,135  I: 13
180,138  I: 14
180,138  I: 15
198,179  I: 16
216,221  I: 17
216,221  I: 18
234,178  I: 19
252,136  I: 20
Filling in time
0,135  I: 0
18,183  I: 1
36,232  I: 2
36,232  I: 3
54,182  I: 4
72,132  I: 5
72,132  I: 6
90,130  I: 7
108,129  I: 8
108,129  I: 9
126,131  I: 10
144,133  I: 11
144,133  I: 12
162,135  I: 13
180,138  I: 14
180,138  I: 15
198,179  I: 16
216,221  I: 17
216,221  I: 18
234,178  I: 19
252,136  I: 20
0,135  I: 21
9,159  I: 22
18,183  I: 23
18,183  I: 24
27,207  I: 25
36,232  I: 26
36,232  I: 27
36,232  I: 28
36,232  I: 29
36,232  I: 30
45,207  I: 31
54,182  I: 32
54,182  I: 33
63,157  I: 34
72,132  I: 35
72,132  I: 36
72,132  I: 37
72,132  I: 38
72,132  I: 39
81,131  I: 40
90,130  I: 41
90,130  I: 42
99,129  I: 43
108,129  I: 44
108,129  I: 45
108,129  I: 46
108,129  I: 47
108,129  I: 48
117,130  I: 49
126,131  I: 50
126,131  I: 51
135,132  I: 52
144,133  I: 53
144,133  I: 54
144,133  I: 55
144,133  I: 56
144,133  I: 57
153,134  I: 58
162,135  I: 59
162,135  I: 60
171,136  I: 61
180,138  I: 62
180,138  I: 63
180,138  I: 64
180,138  I: 65
180,138  I: 66
189,158  I: 67
198,179  I: 68
198,179  I: 69
207,200  I: 70
216,221  I: 71
216,221  I: 72
216,221  I: 73
216,221  I: 74
216,221  I: 75
225,199  I: 76
234,178  I: 77
0,135  I: 0
9,159  I: 1
18,183  I: 2
18,183  I: 3
27,207  I: 4
36,232  I: 5
36,232  I: 6
36,232  I: 7
36,232  I: 8
36,232  I: 9
45,207  I: 10
54,182  I: 11
54,182  I: 12
63,157  I: 13
72,132  I: 14
72,132  I: 15
72,132  I: 16
72,132  I: 17
72,132  I: 18
81,131  I: 19
90,130  I: 20
90,130  I: 21
99,129  I: 22
108,129  I: 23
108,129  I: 24
108,129  I: 25
108,129  I: 26
108,129  I: 27
117,130  I: 28
126,131  I: 29
126,131  I: 30
135,132  I: 31
144,133  I: 32
144,133  I: 33
144,133  I: 34
144,133  I: 35
144,133  I: 36
153,134  I: 37
162,135  I: 38
162,135  I: 39
171,136  I: 40
180,138  I: 41
180,138  I: 42
180,138  I: 43
180,138  I: 44
180,138  I: 45
189,158  I: 46
198,179  I: 47
198,179  I: 48
207,200  I: 49
216,221  I: 50
216,221  I: 51
216,221  I: 52
216,221  I: 53
216,221  I: 54
225,199  I: 55
234,178  I: 56
234,178  I: 57
243,157  I: 58
252,136  I: 59
252,136  I: 60
126,135  I: 61
0,135  I: 62
0,135  I: 63
4,147  I: 64
9,159  I: 65
9,159  I: 66
13,171  I: 67
18,183  I: 68
18,183  I: 69
18,183  I: 70
18,183  I: 71
18,183  I: 72
22,195  I: 73
27,207  I: 74
27,207  I: 75
31,219  I: 76
36,232  I: 77
36,232  I: 78
36,232  I: 79
36,232  I: 80
36,232  I: 81
36,232  I: 82
36,232  I: 83
36,232  I: 84
36,232  I: 85
36,232  I: 86
36,232  I: 87
36,232  I: 88
36,232  I: 89
36,232  I: 90
40,219  I: 91
45,207  I: 92
45,207  I: 93
49,194  I: 94
54,182  I: 95
54,182  I: 96
54,182  I: 97
54,182  I: 98
54,182  I: 99
58,169  I: 100
63,157  I: 101
63,157  I: 102
67,144  I: 103
72,132  I: 104
72,132  I: 105
72,132  I: 106
72,132  I: 107
72,132  I: 108
72,132  I: 109
72,132  I: 110
72,132  I: 111
72,132  I: 112
72,132  I: 113
72,132  I: 114
72,132  I: 115
72,132  I: 116
72,132  I: 117
76,131  I: 118
81,131  I: 119
81,131  I: 120
85,130  I: 121
90,130  I: 122
90,130  I: 123
90,130  I: 124
90,130  I: 125
90,130  I: 126
94,129  I: 127
99,129  I: 128
99,129  I: 129
103,129  I: 130
108,129  I: 131
108,129  I: 132
108,129  I: 133
108,129  I: 134
108,129  I: 135
108,129  I: 136
108,129  I: 137
108,129  I: 138
108,129  I: 139
108,129  I: 140
108,129  I: 141
108,129  I: 142
108,129  I: 143
108,129  I: 144
112,129  I: 145
117,130  I: 146
117,130  I: 147
121,130  I: 148
126,131  I: 149
126,131  I: 150
126,131  I: 151
126,131  I: 152
126,131  I: 153
130,131  I: 154
135,132  I: 155
135,132  I: 156
139,132  I: 157
144,133  I: 158
144,133  I: 159
144,133  I: 160
144,133  I: 161
144,133  I: 162
144,133  I: 163
144,133  I: 164
144,133  I: 165
144,133  I: 166
144,133  I: 167
144,133  I: 168
144,133  I: 169
144,133  I: 170
144,133  I: 171
148,133  I: 172
153,134  I: 173
153,134  I: 174
157,134  I: 175
162,135  I: 176
162,135  I: 177
162,135  I: 178
162,135  I: 179
162,135  I: 180
166,135  I: 181
171,136  I: 182
171,136  I: 183
175,137  I: 184
180,138  I: 185
180,138  I: 186
180,138  I: 187
180,138  I: 188
180,138  I: 189
180,138  I: 190
180,138  I: 191
180,138  I: 192
180,138  I: 193
180,138  I: 194
180,138  I: 195
180,138  I: 196
180,138  I: 197
180,138  I: 198
184,148  I: 199
189,158  I: 200
189,158  I: 201
193,168  I: 202
198,179  I: 203
198,179  I: 204
198,179  I: 205
198,179  I: 206
198,179  I: 207
202,189  I: 208
207,200  I: 209
207,200  I: 210
211,210  I: 211
216,221  I: 212
216,221  I: 213
216,221  I: 214
216,221  I: 215
216,221  I: 216
216,221  I: 217
216,221  I: 218
216,221  I: 219
216,221  I: 220
216,221  I: 221
216,221  I: 222
216,221  I: 223
216,221  I: 224
216,221  I: 225
220,210  I: 226
225,199  I: 227
0,135  I: 0
4,147  I: 1
9,159  I: 2
9,159  I: 3
13,171  I: 4
18,183  I: 5
18,183  I: 6
18,183  I: 7
18,183  I: 8
18,183  I: 9
22,195  I: 10
27,207  I: 11
27,207  I: 12
31,219  I: 13
36,232  I: 14
36,232  I: 15
36,232  I: 16
36,232  I: 17
36,232  I: 18
36,232  I: 19
36,232  I: 20
36,232  I: 21
36,232  I: 22
36,232  I: 23
36,232  I: 24
36,232  I: 25
36,232  I: 26
36,232  I: 27
40,219  I: 28
45,207  I: 29
45,207  I: 30
49,194  I: 31
54,182  I: 32
54,182  I: 33
54,182  I: 34
54,182  I: 35
54,182  I: 36
58,169  I: 37
63,157  I: 38
63,157  I: 39
67,144  I: 40
72,132  I: 41
72,132  I: 42
72,132  I: 43
72,132  I: 44
72,132  I: 45
72,132  I: 46
72,132  I: 47
72,132  I: 48
72,132  I: 49
72,132  I: 50
72,132  I: 51
72,132  I: 52
72,132  I: 53
72,132  I: 54
76,131  I: 55
81,131  I: 56
81,131  I: 57
85,130  I: 58
90,130  I: 59
90,130  I: 60
90,130  I: 61
90,130  I: 62
90,130  I: 63
94,129  I: 64
99,129  I: 65
99,129  I: 66
103,129  I: 67
108,129  I: 68
108,129  I: 69
108,129  I: 70
108,129  I: 71
108,129  I: 72
108,129  I: 73
108,129  I: 74
108,129  I: 75
108,129  I: 76
108,129  I: 77
108,129  I: 78
108,129  I: 79
108,129  I: 80
108,129  I: 81
112,129  I: 82
117,130  I: 83
117,130  I: 84
121,130  I: 85
126,131  I: 86
126,131  I: 87
126,131  I: 88
126,131  I: 89
126,131  I: 90
130,131  I: 91
135,132  I: 92
135,132  I: 93
139,132  I: 94
144,133  I: 95
144,133  I: 96
144,133  I: 97
144,133  I: 98
144,133  I: 99
144,133  I: 100
144,133  I: 101
144,133  I: 102
144,133  I: 103
144,133  I: 104
144,133  I: 105
144,133  I: 106
144,133  I: 107
144,133  I: 108
148,133  I: 109
153,134  I: 110
153,134  I: 111
157,134  I: 112
162,135  I: 113
162,135  I: 114
162,135  I: 115
162,135  I: 116
162,135  I: 117
166,135  I: 118
171,136  I: 119
171,136  I: 120
175,137  I: 121
180,138  I: 122
180,138  I: 123
180,138  I: 124
180,138  I: 125
180,138  I: 126
180,138  I: 127
180,138  I: 128
180,138  I: 129
180,138  I: 130
180,138  I: 131
180,138  I: 132
180,138  I: 133
180,138  I: 134
180,138  I: 135
184,148  I: 136
189,158  I: 137
189,158  I: 138
193,168  I: 139
198,179  I: 140
198,179  I: 141
198,179  I: 142
198,179  I: 143
198,179  I: 144
202,189  I: 145
207,200  I: 146
207,200  I: 147
211,210  I: 148
216,221  I: 149
216,221  I: 150
216,221  I: 151
216,221  I: 152
216,221  I: 153
216,221  I: 154
216,221  I: 155
216,221  I: 156
216,221  I: 157
216,221  I: 158
216,221  I: 159
216,221  I: 160
216,221  I: 161
216,221  I: 162
220,210  I: 163
225,199  I: 164
225,199  I: 165
229,188  I: 166
234,178  I: 167
234,178  I: 168
234,178  I: 169
234,178  I: 170
234,178  I: 171
238,167  I: 172
243,157  I: 173
243,157  I: 174
247,146  I: 175
252,136  I: 176
252,136  I: 177
252,136  I: 178
252,136  I: 179
252,136  I: 180
189,135  I: 181
126,135  I: 182
126,135  I: 183
63,135  I: 184
0,135  I: 185
0,135  I: 186
0,135  I: 187
0,135  I: 188
0,135  I: 189
2,141  I: 190
4,147  I: 191
4,147  I: 192
6,153  I: 193
9,159  I: 194
9,159  I: 195
9,159  I: 196
9,159  I: 197
9,159  I: 198
11,165  I: 199
13,171  I: 200
13,171  I: 201
15,177  I: 202
18,183  I: 203
18,183  I: 204
18,183  I: 205
18,183  I: 206
18,183  I: 207
18,183  I: 208
18,183  I: 209
18,183  I: 210
18,183  I: 211
18,183  I: 212
18,183  I: 213
18,183  I: 214
18,183  I: 215
18,183  I: 216
20,189  I: 217
22,195  I: 218
22,195  I: 219
24,201  I: 220
27,207  I: 221
27,207  I: 222
27,207  I: 223
27,207  I: 224
27,207  I: 225
29,213  I: 226
31,219  I: 227
31,219  I: 228
33,225  I: 229
36,232  I: 230
36,232  I: 231
36,232  I: 232
36,232  I: 233
36,232  I: 234
36,232  I: 235
36,232  I: 236
36,232  I: 237
36,232  I: 238
36,232  I: 239
36,232  I: 240
36,232  I: 241
36,232  I: 242
36,232  I: 243
36,232  I: 244
36,232  I: 245
36,232  I: 246
36,232  I: 247
36,232  I: 248
36,232  I: 249
36,232  I: 250
36,232  I: 251
36,232  I: 252
36,232  I: 253
36,232  I: 254
36,232  I: 255
36,232  I: 256
36,232  I: 257
36,232  I: 258
36,232  I: 259
36,232  I: 260
36,232  I: 261
36,232  I: 262
36,232  I: 263
36,232  I: 264
36,232  I: 265
36,232  I: 266
36,232  I: 267
36,232  I: 268
36,232  I: 269
36,232  I: 270
38,225  I: 271
40,219  I: 272
40,219  I: 273
42,213  I: 274
45,207  I: 275
45,207  I: 276
45,207  I: 277
45,207  I: 278
45,207  I: 279
47,200  I: 280
49,194  I: 281
49,194  I: 282
51,188  I: 283
54,182  I: 284
54,182  I: 285
54,182  I: 286
54,182  I: 287
54,182  I: 288
54,182  I: 289
54,182  I: 290
54,182  I: 291
54,182  I: 292
54,182  I: 293
54,182  I: 294
54,182  I: 295
54,182  I: 296
54,182  I: 297
56,175  I: 298
58,169  I: 299
58,169  I: 300
60,163  I: 301
63,157  I: 302
63,157  I: 303
63,157  I: 304
63,157  I: 305
63,157  I: 306
65,150  I: 307
67,144  I: 308
67,144  I: 309
69,138  I: 310
72,132  I: 311
72,132  I: 312
72,132  I: 313
72,132  I: 314
72,132  I: 315
72,132  I: 316
72,132  I: 317
72,132  I: 318
72,132  I: 319
72,132  I: 320
72,132  I: 321
72,132  I: 322
72,132  I: 323
72,132  I: 324
72,132  I: 325
72,132  I: 326
72,132  I: 327
72,132  I: 328
72,132  I: 329
72,132  I: 330
72,132  I: 331
72,132  I: 332
72,132  I: 333
72,132  I: 334
72,132  I: 335
72,132  I: 336
72,132  I: 337
72,132  I: 338
72,132  I: 339
72,132  I: 340
72,132  I: 341
72,132  I: 342
72,132  I: 343
72,132  I: 344
72,132  I: 345
72,132  I: 346
72,132  I: 347
72,132  I: 348
72,132  I: 349
72,132  I: 350
72,132  I: 351
74,131  I: 352
76,131  I: 353
76,131  I: 354
78,131  I: 355
81,131  I: 356
81,131  I: 357
81,131  I: 358
81,131  I: 359
81,131  I: 360
83,130  I: 361
85,130  I: 362
85,130  I: 363
87,130  I: 364
90,130  I: 365
90,130  I: 366
90,130  I: 367
90,130  I: 368
90,130  I: 369
90,130  I: 370
90,130  I: 371
90,130  I: 372
90,130  I: 373
90,130  I: 374
90,130  I: 375
90,130  I: 376
90,130  I: 377
90,130  I: 378
92,129  I: 379
94,129  I: 380
94,129  I: 381
96,129  I: 382
99,129  I: 383
99,129  I: 384
99,129  I: 385
99,129  I: 386
99,129  I: 387
101,129  I: 388
103,129  I: 389
103,129  I: 390
105,129  I: 391
108,129  I: 392
108,129  I: 393
108,129  I: 394
108,129  I: 395
108,129  I: 396
108,129  I: 397
108,129  I: 398
108,129  I: 399
108,129  I: 400
108,129  I: 401
108,129  I: 402
108,129  I: 403
108,129  I: 404
108,129  I: 405
108,129  I: 406
108,129  I: 407
108,129  I: 408
108,129  I: 409
108,129  I: 410
108,129  I: 411
108,129  I: 412
108,129  I: 413
108,129  I: 414
108,129  I: 415
108,129  I: 416
108,129  I: 417
108,129  I: 418
108,129  I: 419
108,129  I: 420
108,129  I: 421
108,129  I: 422
108,129  I: 423
108,129  I: 424
108,129  I: 425
108,129  I: 426
108,129  I: 427
108,129  I: 428
108,129  I: 429
108,129  I: 430
108,129  I: 431
108,129  I: 432
110,129  I: 433
112,129  I: 434
112,129  I: 435
114,129  I: 436
117,130  I: 437
117,130  I: 438
117,130  I: 439
117,130  I: 440
117,130  I: 441
119,130  I: 442
121,130  I: 443
121,130  I: 444
123,130  I: 445
126,131  I: 446
126,131  I: 447
126,131  I: 448
126,131  I: 449
126,131  I: 450
126,131  I: 451
126,131  I: 452
126,131  I: 453
126,131  I: 454
126,131  I: 455
126,131  I: 456
126,131  I: 457
126,131  I: 458
126,131  I: 459
128,131  I: 460
130,131  I: 461
130,131  I: 462
132,131  I: 463
135,132  I: 464
135,132  I: 465
135,132  I: 466
135,132  I: 467
135,132  I: 468
137,132  I: 469
139,132  I: 470
139,132  I: 471
141,132  I: 472
144,133  I: 473
144,133  I: 474
144,133  I: 475
144,133  I: 476
144,133  I: 477
144,133  I: 478
144,133  I: 479
144,133  I: 480
144,133  I: 481
144,133  I: 482
144,133  I: 483
144,133  I: 484
144,133  I: 485
144,133  I: 486
144,133  I: 487
144,133  I: 488
144,133  I: 489
144,133  I: 490
144,133  I: 491
144,133  I: 492
144,133  I: 493
144,133  I: 494
144,133  I: 495
144,133  I: 496
144,133  I: 497
144,133  I: 498
144,133  I: 499
144,133  I: 500
144,133  I: 501
144,133  I: 502
144,133  I: 503
144,133  I: 504
144,133  I: 505
144,133  I: 506
144,133  I: 507
144,133  I: 508
144,133  I: 509
144,133  I: 510
144,133  I: 511
144,133  I: 512
144,133  I: 513
146,133  I: 514
148,133  I: 515
148,133  I: 516
150,133  I: 517
153,134  I: 518
153,134  I: 519
153,134  I: 520
153,134  I: 521
153,134  I: 522
155,134  I: 523
157,134  I: 524
157,134  I: 525
159,134  I: 526
162,135  I: 527
162,135  I: 528
162,135  I: 529
162,135  I: 530
162,135  I: 531
162,135  I: 532
162,135  I: 533
162,135  I: 534
162,135  I: 535
162,135  I: 536
162,135  I: 537
162,135  I: 538
162,135  I: 539
162,135  I: 540
164,135  I: 541
166,135  I: 542
166,135  I: 543
168,135  I: 544
171,136  I: 545
171,136  I: 546
171,136  I: 547
171,136  I: 548
171,136  I: 549
173,136  I: 550
175,137  I: 551
175,137  I: 552
177,137  I: 553
180,138  I: 554
180,138  I: 555
180,138  I: 556
180,138  I: 557
180,138  I: 558
180,138  I: 559
180,138  I: 560
180,138  I: 561
180,138  I: 562
180,138  I: 563
180,138  I: 564
180,138  I: 565
180,138  I: 566
180,138  I: 567
180,138  I: 568
180,138  I: 569
180,138  I: 570
180,138  I: 571
180,138  I: 572
180,138  I: 573
180,138  I: 574
180,138  I: 575
180,138  I: 576
180,138  I: 577
180,138  I: 578
180,138  I: 579
180,138  I: 580
180,138  I: 581
180,138  I: 582
180,138  I: 583
180,138  I: 584
180,138  I: 585
180,138  I: 586
180,138  I: 587
180,138  I: 588
180,138  I: 589
180,138  I: 590
180,138  I: 591
180,138  I: 592
180,138  I: 593
180,138  I: 594
182,143  I: 595
184,148  I: 596
184,148  I: 597
186,153  I: 598
189,158  I: 599
189,158  I: 600
189,158  I: 601
189,158  I: 602
189,158  I: 603
191,163  I: 604
193,168  I: 605
193,168  I: 606
195,173  I: 607
198,179  I: 608
198,179  I: 609
198,179  I: 610
198,179  I: 611
198,179  I: 612
198,179  I: 613
198,179  I: 614
198,179  I: 615
198,179  I: 616
198,179  I: 617
198,179  I: 618
198,179  I: 619
198,179  I: 620
198,179  I: 621
200,184  I: 622
202,189  I: 623
202,189  I: 624
204,194  I: 625
207,200  I: 626
207,200  I: 627
207,200  I: 628
207,200  I: 629
207,200  I: 630
209,205  I: 631
211,210  I: 632
211,210  I: 633
213,215  I: 634
216,221  I: 635
216,221  I: 636
216,221  I: 637
216,221  I: 638
216,221  I: 639
216,221  I: 640
216,221  I: 641
216,221  I: 642
216,221  I: 643
216,221  I: 644
216,221  I: 645
216,221  I: 646
216,221  I: 647
216,221  I: 648
216,221  I: 649
216,221  I: 650
216,221  I: 651
216,221  I: 652
216,221  I: 653
216,221  I: 654
216,221  I: 655
216,221  I: 656
216,221  I: 657
216,221  I: 658
216,221  I: 659
216,221  I: 660
216,221  I: 661
216,221  I: 662
216,221  I: 663
216,221  I: 664
216,221  I: 665
216,221  I: 666
216,221  I: 667
216,221  I: 668
216,221  I: 669
216,221  I: 670
216,221  I: 671
216,221  I: 672
216,221  I: 673
216,221  I: 674
216,221  I: 675
218,215  I: 676
220,210  I: 677
0,135  I: 0
2,141  I: 1
4,147  I: 2
4,147  I: 3
6,153  I: 4
9,159  I: 5
9,159  I: 6
9,159  I: 7
9,159  I: 8
9,159  I: 9
11,165  I: 10
13,171  I: 11
13,171  I: 12
15,177  I: 13
18,183  I: 14
18,183  I: 15
18,183  I: 16
18,183  I: 17
18,183  I: 18
18,183  I: 19
18,183  I: 20
18,183  I: 21
18,183  I: 22
18,183  I: 23
18,183  I: 24
18,183  I: 25
18,183  I: 26
18,183  I: 27
20,189  I: 28
22,195  I: 29
22,195  I: 30
24,201  I: 31
27,207  I: 32
27,207  I: 33
27,207  I: 34
27,207  I: 35
27,207  I: 36
29,213  I: 37
31,219  I: 38
31,219  I: 39
33,225  I: 40
36,232  I: 41
36,232  I: 42
36,232  I: 43
36,232  I: 44
36,232  I: 45
36,232  I: 46
36,232  I: 47
36,232  I: 48
36,232  I: 49
36,232  I: 50
36,232  I: 51
36,232  I: 52
36,232  I: 53
36,232  I: 54
36,232  I: 55
36,232  I: 56
36,232  I: 57
36,232  I: 58
36,232  I: 59
36,232  I: 60
36,232  I: 61
36,232  I: 62
36,232  I: 63
36,232  I: 64
36,232  I: 65
36,232  I: 66
36,232  I: 67
36,232  I: 68
36,232  I: 69
36,232  I: 70
36,232  I: 71
36,232  I: 72
36,232  I: 73
36,232  I: 74
36,232  I: 75
36,232  I: 76
36,232  I: 77
36,232  I: 78
36,232  I: 79
36,232  I: 80
36,232  I: 81
38,225  I: 82
40,219  I: 83
40,219  I: 84
42,213  I: 85
45,207  I: 86
45,207  I: 87
45,207  I: 88
45,207  I: 89
45,207  I: 90
47,200  I: 91
49,194  I: 92
49,194  I: 93
51,188  I: 94
54,182  I: 95
54,182  I: 96
54,182  I: 97
54,182  I: 98
54,182  I: 99
54,182  I: 100
54,182  I: 101
54,182  I: 102
54,182  I: 103
54,182  I: 104
54,182  I: 105
54,182  I: 106
54,182  I: 107
54,182  I: 108
56,175  I: 109
58,169  I: 110
58,169  I: 111
60,163  I: 112
63,157  I: 113
63,157  I: 114
63,157  I: 115
63,157  I: 116
63,157  I: 117
65,150  I: 118
67,144  I: 119
67,144  I: 120
69,138  I: 121
72,132  I: 122
72,132  I: 123
72,132  I: 124
72,132  I: 125
72,132  I: 126
72,132  I: 127
72,132  I: 128
72,132  I: 129
72,132  I: 130
72,132  I: 131
72,132  I: 132
72,132  I: 133
72,132  I: 134
72,132  I: 135
72,132  I: 136
72,132  I: 137
72,132  I: 138
72,132  I: 139
72,132  I: 140
72,132  I: 141
72,132  I: 142
72,132  I: 143
72,132  I: 144
72,132  I: 145
72,132  I: 146
72,132  I: 147
72,132  I: 148
72,132  I: 149
72,132  I: 150
72,132  I: 151
72,132  I: 152
72,132  I: 153
72,132  I: 154
72,132  I: 155
72,132  I: 156
72,132  I: 157
72,132  I: 158
72,132  I: 159
72,132  I: 160
72,132  I: 161
72,132  I: 162
74,131  I: 163
76,131  I: 164
76,131  I: 165
78,131  I: 166
81,131  I: 167
81,131  I: 168
81,131  I: 169
81,131  I: 170
81,131  I: 171
83,130  I: 172
85,130  I: 173
85,130  I: 174
87,130  I: 175
90,130  I: 176
90,130  I: 177
90,130  I: 178
90,130  I: 179
90,130  I: 180
90,130  I: 181
90,130  I: 182
90,130  I: 183
90,130  I: 184
90,130  I: 185
90,130  I: 186
90,130  I: 187
90,130  I: 188
90,130  I: 189
92,129  I: 190
94,129  I: 191
94,129  I: 192
96,129  I: 193
99,129  I: 194
99,129  I: 195
99,129  I: 196
99,129  I: 197
99,129  I: 198
101,129  I: 199
103,129  I: 200
103,129  I: 201
105,129  I: 202
108,129  I: 203
108,129  I: 204
108,129  I: 205
108,129  I: 206
108,129  I: 207
108,129  I: 208
108,129  I: 209
108,129  I: 210
108,129  I: 211
108,129  I: 212
108,129  I: 213
108,129  I: 214
108,129  I: 215
108,129  I: 216
108,129  I: 217
108,129  I: 218
108,129  I: 219
108,129  I: 220
108,129  I: 221
108,129  I: 222
108,129  I: 223
108,129  I: 224
108,129  I: 225
108,129  I: 226
108,129  I: 227
108,129  I: 228
108,129  I: 229
108,129  I: 230
108,129  I: 231
108,129  I: 232
108,129  I: 233
108,129  I: 234
108,129  I: 235
108,129  I: 236
108,129  I: 237
108,129  I: 238
108,129  I: 239
108,129  I: 240
108,129  I: 241
108,129  I: 242
108,129  I: 243
110,129  I: 244
112,129  I: 245
112,129  I: 246
114,129  I: 247
117,130  I: 248
117,130  I: 249
117,130  I: 250
117,130  I: 251
117,130  I: 252
119,130  I: 253
121,130  I: 254
121,130  I: 255
123,130  I: 256
126,131  I: 257
126,131  I: 258
126,131  I: 259
126,131  I: 260
126,131  I: 261
126,131  I: 262
126,131  I: 263
126,131  I: 264
126,131  I: 265
126,131  I: 266
126,131  I: 267
126,131  I: 268
126,131  I: 269
126,131  I: 270
128,131  I: 271
130,131  I: 272
130,131  I: 273
132,131  I: 274
135,132  I: 275
135,132  I: 276
135,132  I: 277
135,132  I: 278
135,132  I: 279
137,132  I: 280
139,132  I: 281
139,132  I: 282
141,132  I: 283
144,133  I: 284
144,133  I: 285
144,133  I: 286
144,133  I: 287
144,133  I: 288
144,133  I: 289
144,133  I: 290
144,133  I: 291
144,133  I: 292
144,133  I: 293
144,133  I: 294
144,133  I: 295
144,133  I: 296
144,133  I: 297
144,133  I: 298
144,133  I: 299
144,133  I: 300
144,133  I: 301
144,133  I: 302
144,133  I: 303
144,133  I: 304
144,133  I: 305
144,133  I: 306
144,133  I: 307
144,133  I: 308
144,133  I: 309
144,133  I: 310
144,133  I: 311
144,133  I: 312
144,133  I: 313
144,133  I: 314
144,133  I: 315
144,133  I: 316
144,133  I: 317
144,133  I: 318
144,133  I: 319
144,133  I: 320
144,133  I: 321
144,133  I: 322
144,133  I: 323
144,133  I: 324
146,133  I: 325
148,133  I: 326
148,133  I: 327
150,133  I: 328
153,134  I: 329
153,134  I: 330
153,134  I: 331
153,134  I: 332
153,134  I: 333
155,134  I: 334
157,134  I: 335
157,134  I: 336
159,134  I: 337
162,135  I: 338
162,135  I: 339
162,135  I: 340
162,135  I: 341
162,135  I: 342
162,135  I: 343
162,135  I: 344
162,135  I: 345
162,135  I: 346
162,135  I: 347
162,135  I: 348
162,135  I: 349
162,135  I: 350
162,135  I: 351
164,135  I: 352
166,135  I: 353
166,135  I: 354
168,135  I: 355
171,136  I: 356
171,136  I: 357
171,136  I: 358
171,136  I: 359
171,136  I: 360
173,136  I: 361
175,137  I: 362
175,137  I: 363
177,137  I: 364
180,138  I: 365
180,138  I: 366
180,138  I: 367
180,138  I: 368
180,138  I: 369
180,138  I: 370
180,138  I: 371
180,138  I: 372
180,138  I: 373
180,138  I: 374
180,138  I: 375
180,138  I: 376
180,138  I: 377
180,138  I: 378
180,138  I: 379
180,138  I: 380
180,138  I: 381
180,138  I: 382
180,138  I: 383
180,138  I: 384
180,138  I: 385
180,138  I: 386
180,138  I: 387
180,138  I: 388
180,138  I: 389
180,138  I: 390
180,138  I: 391
180,138  I: 392
180,138  I: 393
180,138  I: 394
180,138  I: 395
180,138  I: 396
180,138  I: 397
180,138  I: 398
180,138  I: 399
180,138  I: 400
180,138  I: 401
180,138  I: 402
180,138  I: 403
180,138  I: 404
180,138  I: 405
182,143  I: 406
184,148  I: 407
184,148  I: 408
186,153  I: 409
189,158  I: 410
189,158  I: 411
189,158  I: 412
189,158  I: 413
189,158  I: 414
191,163  I: 415
193,168  I: 416
193,168  I: 417
195,173  I: 418
198,179  I: 419
198,179  I: 420
198,179  I: 421
198,179  I: 422
198,179  I: 423
198,179  I: 424
198,179  I: 425
198,179  I: 426
198,179  I: 427
198,179  I: 428
198,179  I: 429
198,179  I: 430
198,179  I: 431
198,179  I: 432
200,184  I: 433
202,189  I: 434
202,189  I: 435
204,194  I: 436
207,200  I: 437
207,200  I: 438
207,200  I: 439
207,200  I: 440
207,200  I: 441
209,205  I: 442
211,210  I: 443
211,210  I: 444
213,215  I: 445
216,221  I: 446
216,221  I: 447
216,221  I: 448
216,221  I: 449
216,221  I: 450
216,221  I: 451
216,221  I: 452
216,221  I: 453
216,221  I: 454
216,221  I: 455
216,221  I: 456
216,221  I: 457
216,221  I: 458
216,221  I: 459
216,221  I: 460
216,221  I: 461
216,221  I: 462
216,221  I: 463
216,221  I: 464
216,221  I: 465
216,221  I: 466
216,221  I: 467
216,221  I: 468
216,221  I: 469
216,221  I: 470
216,221  I: 471
216,221  I: 472
216,221  I: 473
216,221  I: 474
216,221  I: 475
216,221  I: 476
216,221  I: 477
216,221  I: 478
216,221  I: 479
216,221  I: 480
216,221  I: 481
216,221  I: 482
216,221  I: 483
216,221  I: 484
216,221  I: 485
216,221  I: 486
218,215  I: 487
220,210  I: 488
220,210  I: 489
222,204  I: 490
225,199  I: 491
225,199  I: 492
225,199  I: 493
225,199  I: 494
225,199  I: 495
227,193  I: 496
229,188  I: 497
229,188  I: 498
231,183  I: 499
234,178  I: 500
234,178  I: 501
234,178  I: 502
234,178  I: 503
234,178  I: 504
234,178  I: 505
234,178  I: 506
234,178  I: 507
234,178  I: 508
234,178  I: 509
234,178  I: 510
234,178  I: 511
234,178  I: 512
234,178  I: 513
236,172  I: 514
238,167  I: 515
238,167  I: 516
240,162  I: 517
243,157  I: 518
243,157  I: 519
243,157  I: 520
243,157  I: 521
243,157  I: 522
245,151  I: 523
247,146  I: 524
247,146  I: 525
249,141  I: 526
252,136  I: 527
252,136  I: 528
252,136  I: 529
252,136  I: 530
252,136  I: 531
252,136  I: 532
252,136  I: 533
252,136  I: 534
252,136  I: 535
252,136  I: 536
252,136  I: 537
252,136  I: 538
252,136  I: 539
252,136  I: 540
220,135  I: 541
189,135  I: 542
189,135  I: 543
157,135  I: 544
126,135  I: 545
126,135  I: 546
126,135  I: 547
126,135  I: 548
126,135  I: 549
94,135  I: 550
63,135  I: 551
63,135  I: 552
31,135  I: 553
0,135  I: 554
0,135  I: 555
0,135  I: 556
0,135  I: 557
0,135  I: 558
0,135  I: 559
0,135  I: 560
0,135  I: 561
0,135  I: 562
0,135  I: 563
0,135  I: 564
0,135  I: 565
0,135  I: 566
0,135  I: 567
1,138  I: 568
2,141  I: 569
2,141  I: 570
3,144  I: 571
4,147  I: 572
4,147  I: 573
4,147  I: 574
4,147  I: 575
4,147  I: 576
5,150  I: 577
6,153  I: 578
6,153  I: 579
7,156  I: 580
9,159  I: 581
9,159  I: 582
9,159  I: 583
9,159  I: 584
9,159  I: 585
9,159  I: 586
9,159  I: 587
9,159  I: 588
9,159  I: 589
9,159  I: 590
9,159  I: 591
9,159  I: 592
9,159  I: 593
9,159  I: 594
10,162  I: 595
11,165  I: 596
11,165  I: 597
12,168  I: 598
13,171  I: 599
13,171  I: 600
13,171  I: 601
13,171  I: 602
13,171  I: 603
14,174  I: 604
15,177  I: 605
15,177  I: 606
16,180  I: 607
18,183  I: 608
18,183  I: 609
18,183  I: 610
18,183  I: 611
18,183  I: 612
18,183  I: 613
18,183  I: 614
18,183  I: 615
18,183  I: 616
18,183  I: 617
18,183  I: 618
18,183  I: 619
18,183  I: 620
18,183  I: 621
18,183  I: 622
18,183  I: 623
18,183  I: 624
18,183  I: 625
18,183  I: 626
18,183  I: 627
18,183  I: 628
18,183  I: 629
18,183  I: 630
18,183  I: 631
18,183  I: 632
18,183  I: 633
18,183  I: 634
18,183  I: 635
18,183  I: 636
18,183  I: 637
18,183  I: 638
18,183  I: 639
18,183  I: 640
18,183  I: 641
18,183  I: 642
18,183  I: 643
18,183  I: 644
18,183  I: 645
18,183  I: 646
18,183  I: 647
18,183  I: 648
19,186  I: 649
20,189  I: 650
20,189  I: 651
21,192  I: 652
22,195  I: 653
22,195  I: 654
22,195  I: 655
22,195  I: 656
22,195  I: 657
23,198  I: 658
24,201  I: 659
24,201  I: 660
25,204  I: 661
27,207  I: 662
27,207  I: 663
27,207  I: 664
27,207  I: 665
27,207  I: 666
27,207  I: 667
27,207  I: 668
27,207  I: 669
27,207  I: 670
27,207  I: 671
27,207  I: 672
27,207  I: 673
27,207  I: 674
27,207  I: 675
28,210  I: 676
29,213  I: 677
29,213  I: 678
30,216  I: 679
31,219  I: 680
31,219  I: 681
31,219  I: 682
31,219  I: 683
31,219  I: 684
32,222  I: 685
33,225  I: 686
33,225  I: 687
34,228  I: 688
36,232  I: 689
36,232  I: 690
36,232  I: 691
36,232  I: 692
36,232  I: 693
36,232  I: 694
36,232  I: 695
36,232  I: 696
36,232  I: 697
36,232  I: 698
36,232  I: 699
36,232  I: 700
36,232  I: 701
36,232  I: 702
36,232  I: 703
36,232  I: 704
36,232  I: 705
36,232  I: 706
36,232  I: 707
36,232  I: 708
36,232  I: 709
36,232  I: 710
36,232  I: 711
36,232  I: 712
36,232  I: 713
36,232  I: 714
36,232  I: 715
36,232  I: 716
36,232  I: 717
36,232  I: 718
36,232  I: 719
36,232  I: 720
36,232  I: 721
36,232  I: 722
36,232  I: 723
36,232  I: 724
36,232  I: 725
36,232  I: 726
36,232  I: 727
36,232  I: 728
36,232  I: 729
36,232  I: 730
36,232  I: 731
36,232  I: 732
36,232  I: 733
36,232  I: 734
36,232  I: 735
36,232  I: 736
36,232  I: 737
36,232  I: 738
36,232  I: 739
36,232  I: 740
36,232  I: 741
36,232  I: 742
36,232  I: 743
36,232  I: 744
36,232  I: 745
36,232  I: 746
36,232  I: 747
36,232  I: 748
36,232  I: 749
36,232  I: 750
36,232  I: 751
36,232  I: 752
36,232  I: 753
36,232  I: 754
36,232  I: 755
36,232  I: 756
36,232  I: 757
36,232  I: 758
36,232  I: 759
36,232  I: 760
36,232  I: 761
36,232  I: 762
36,232  I: 763
36,232  I: 764
36,232  I: 765
36,232  I: 766
36,232  I: 767
36,232  I: 768
36,232  I: 769
36,232  I: 770
36,232  I: 771
36,232  I: 772
36,232  I: 773
36,232  I: 774
36,232  I: 775
36,232  I: 776
36,232  I: 777
36,232  I: 778
36,232  I: 779
36,232  I: 780
36,232  I: 781
36,232  I: 782
36,232  I: 783
36,232  I: 784
36,232  I: 785
36,232  I: 786
36,232  I: 787
36,232  I: 788
36,232  I: 789
36,232  I: 790
36,232  I: 791
36,232  I: 792
36,232  I: 793
36,232  I: 794
36,232  I: 795
36,232  I: 796
36,232  I: 797
36,232  I: 798
36,232  I: 799
36,232  I: 800
36,232  I: 801
36,232  I: 802
36,232  I: 803
36,232  I: 804
36,232  I: 805
36,232  I: 806
36,232  I: 807
36,232  I: 808
36,232  I: 809
36,232  I: 810
37,228  I: 811
38,225  I: 812
38,225  I: 813
39,222  I: 814
40,219  I: 815
40,219  I: 816
40,219  I: 817
40,219  I: 818
40,219  I: 819
41,216  I: 820
42,213  I: 821
42,213  I: 822
43,210  I: 823
45,207  I: 824
45,207  I: 825
45,207  I: 826
45,207  I: 827
45,207  I: 828
45,207  I: 829
45,207  I: 830
45,207  I: 831
45,207  I: 832
45,207  I: 833
45,207  I: 834
45,207  I: 835
45,207  I: 836
45,207  I: 837
46,203  I: 838
47,200  I: 839
47,200  I: 840
48,197  I: 841
49,194  I: 842
49,194  I: 843
49,194  I: 844
49,194  I: 845
49,194  I: 846
50,191  I: 847
51,188  I: 848
51,188  I: 849
52,185  I: 850
54,182  I: 851
54,182  I: 852
54,182  I: 853
54,182  I: 854
54,182  I: 855
54,182  I: 856
54,182  I: 857
54,182  I: 858
54,182  I: 859
54,182  I: 860
54,182  I: 861
54,182  I: 862
54,182  I: 863
54,182  I: 864
54,182  I: 865
54,182  I: 866
54,182  I: 867
54,182  I: 868
54,182  I: 869
54,182  I: 870
54,182  I: 871
54,182  I: 872
54,182  I: 873
54,182  I: 874
54,182  I: 875
54,182  I: 876
54,182  I: 877
54,182  I: 878
54,182  I: 879
54,182  I: 880
54,182  I: 881
54,182  I: 882
54,182  I: 883
54,182  I: 884
54,182  I: 885
54,182  I: 886
54,182  I: 887
54,182  I: 888
54,182  I: 889
54,182  I: 890
54,182  I: 891
55,178  I: 892
56,175  I: 893
56,175  I: 894
57,172  I: 895
58,169  I: 896
58,169  I: 897
58,169  I: 898
58,169  I: 899
58,169  I: 900
59,166  I: 901
60,163  I: 902
60,163  I: 903
61,160  I: 904
63,157  I: 905
63,157  I: 906
63,157  I: 907
63,157  I: 908
63,157  I: 909
63,157  I: 910
63,157  I: 911
63,157  I: 912
63,157  I: 913
63,157  I: 914
63,157  I: 915
63,157  I: 916
63,157  I: 917
63,157  I: 918
64,153  I: 919
65,150  I: 920
65,150  I: 921
66,147  I: 922
67,144  I: 923
67,144  I: 924
67,144  I: 925
67,144  I: 926
67,144  I: 927
68,141  I: 928
69,138  I: 929
69,138  I: 930
70,135  I: 931
72,132  I: 932
72,132  I: 933
72,132  I: 934
72,132  I: 935
72,132  I: 936
72,132  I: 937
72,132  I: 938
72,132  I: 939
72,132  I: 940
72,132  I: 941
72,132  I: 942
72,132  I: 943
72,132  I: 944
72,132  I: 945
72,132  I: 946
72,132  I: 947
72,132  I: 948
72,132  I: 949
72,132  I: 950
72,132  I: 951
72,132  I: 952
72,132  I: 953
72,132  I: 954
72,132  I: 955
72,132  I: 956
72,132  I: 957
72,132  I: 958
72,132  I: 959
72,132  I: 960
72,132  I: 961
72,132  I: 962
72,132  I: 963
72,132  I: 964
72,132  I: 965
72,132  I: 966
72,132  I: 967
72,132  I: 968
72,132  I: 969
72,132  I: 970
72,132  I: 971
72,132  I: 972
72,132  I: 973
72,132  I: 974
72,132  I: 975
72,132  I: 976
72,132  I: 977
72,132  I: 978
72,132  I: 979
72,132  I: 980
72,132  I: 981
72,132  I: 982
72,132  I: 983
72,132  I: 984
72,132  I: 985
72,132  I: 986
72,132  I: 987
72,132  I: 988
72,132  I: 989
72,132  I: 990
72,132  I: 991
72,132  I: 992
72,132  I: 993
72,132  I: 994
72,132  I: 995
72,132  I: 996
72,132  I: 997
72,132  I: 998
72,132  I: 999
72,132  I: 1000
72,132  I: 1001
72,132  I: 1002
72,132  I: 1003
72,132  I: 1004
72,132  I: 1005
72,132  I: 1006
72,132  I: 1007
72,132  I: 1008
72,132  I: 1009
72,132  I: 1010
72,132  I: 1011
72,132  I: 1012
72,132  I: 1013
72,132  I: 1014
72,132  I: 1015
72,132  I: 1016
72,132  I: 1017
72,132  I: 1018
72,132  I: 1019
72,132  I: 1020
72,132  I: 1021
72,132  I: 1022
72,132  I: 1023
72,132  I: 1024
72,132  I: 1025
72,132  I: 1026
72,132  I: 1027
72,132  I: 1028
72,132  I: 1029
72,132  I: 1030
72,132  I: 1031
72,132  I: 1032
72,132  I: 1033
72,132  I: 1034
72,132  I: 1035
72,132  I: 1036
72,132  I: 1037
72,132  I: 1038
72,132  I: 1039
72,132  I: 1040
72,132  I: 1041
72,132  I: 1042
72,132  I: 1043
72,132  I: 1044
72,132  I: 1045
72,132  I: 1046
72,132  I: 1047
72,132  I: 1048
72,132  I: 1049
72,132  I: 1050
72,132  I: 1051
72,132  I: 1052
72,132  I: 1053
73,131  I: 1054
74,131  I: 1055
74,131  I: 1056
75,131  I: 1057
76,131  I: 1058
76,131  I: 1059
76,131  I: 1060
76,131  I: 1061
76,131  I: 1062
77,131  I: 1063
78,131  I: 1064
78,131  I: 1065
79,131  I: 1066
81,131  I: 1067
81,131  I: 1068
81,131  I: 1069
81,131  I: 1070
81,131  I: 1071
81,131  I: 1072
81,131  I: 1073
81,131  I: 1074
81,131  I: 1075
81,131  I: 1076
81,131  I: 1077
81,131  I: 1078
81,131  I: 1079
81,131  I: 1080
82,130  I: 1081
83,130  I: 1082
83,130  I: 1083
84,130  I: 1084
85,130  I: 1085
85,130  I: 1086
85,130  I: 1087
85,130  I: 1088
85,130  I: 1089
86,130  I: 1090
87,130  I: 1091
87,130  I: 1092
88,130  I: 1093
90,130  I: 1094
90,130  I: 1095
90,130  I: 1096
90,130  I: 1097
90,130  I: 1098
90,130  I: 1099
90,130  I: 1100
90,130  I: 1101
90,130  I: 1102
90,130  I: 1103
90,130  I: 1104
90,130  I: 1105
90,130  I: 1106
90,130  I: 1107
90,130  I: 1108
90,130  I: 1109
90,130  I: 1110
90,130  I: 1111
90,130  I: 1112
90,130  I: 1113
90,130  I: 1114
90,130  I: 1115
90,130  I: 1116
90,130  I: 1117
90,130  I: 1118
90,130  I: 1119
90,130  I: 1120
90,130  I: 1121
90,130  I: 1122
90,130  I: 1123
90,130  I: 1124
90,130  I: 1125
90,130  I: 1126
90,130  I: 1127
90,130  I: 1128
90,130  I: 1129
90,130  I: 1130
90,130  I: 1131
90,130  I: 1132
90,130  I: 1133
90,130  I: 1134
91,129  I: 1135
92,129  I: 1136
92,129  I: 1137
93,129  I: 1138
94,129  I: 1139
94,129  I: 1140
94,129  I: 1141
94,129  I: 1142
94,129  I: 1143
95,129  I: 1144
96,129  I: 1145
96,129  I: 1146
97,129  I: 1147
99,129  I: 1148
99,129  I: 1149
99,129  I: 1150
99,129  I: 1151
99,129  I: 1152
99,129  I: 1153
99,129  I: 1154
99,129  I: 1155
99,129  I: 1156
99,129  I: 1157
99,129  I: 1158
99,129  I: 1159
99,129  I: 1160
99,129  I: 1161
100,129  I: 1162
101,129  I: 1163
101,129  I: 1164
102,129  I: 1165
103,129  I: 1166
103,129  I: 1167
103,129  I: 1168
103,129  I: 1169
103,129  I: 1170
104,129  I: 1171
105,129  I: 1172
105,129  I: 1173
106,129  I: 1174
108,129  I: 1175
108,129  I: 1176
108,129  I: 1177
108,129  I: 1178
108,129  I: 1179
108,129  I: 1180
108,129  I: 1181
108,129  I: 1182
108,129  I: 1183
108,129  I: 1184
108,129  I: 1185
108,129  I: 1186
108,129  I: 1187
108,129  I: 1188
108,129  I: 1189
108,129  I: 1190
108,129  I: 1191
108,129  I: 1192
108,129  I: 1193
108,129  I: 1194
108,129  I: 1195
108,129  I: 1196
108,129  I: 1197
108,129  I: 1198
108,129  I: 1199
108,129  I: 1200
108,129  I: 1201
108,129  I: 1202
108,129  I: 1203
108,129  I: 1204
108,129  I: 1205
108,129  I: 1206
108,129  I: 1207
108,129  I: 1208
108,129  I: 1209
108,129  I: 1210
108,129  I: 1211
108,129  I: 1212
108,129  I: 1213
108,129  I: 1214
108,129  I: 1215
108,129  I: 1216
108,129  I: 1217
108,129  I: 1218
108,129  I: 1219
108,129  I: 1220
108,129  I: 1221
108,129  I: 1222
108,129  I: 1223
108,129  I: 1224
108,129  I: 1225
108,129  I: 1226
108,129  I: 1227
108,129  I: 1228
108,129  I: 1229
108,129  I: 1230
108,129  I: 1231
108,129  I: 1232
108,129  I: 1233
108,129  I: 1234
108,129  I: 1235
108,129  I: 1236
108,129  I: 1237
108,129  I: 1238
108,129  I: 1239
108,129  I: 1240
108,129  I: 1241
108,129  I: 1242
108,129  I: 1243
108,129  I: 1244
108,129  I: 1245
108,129  I: 1246
108,129  I: 1247
108,129  I: 1248
108,129  I: 1249
108,129  I: 1250
108,129  I: 1251
108,129  I: 1252
108,129  I: 1253
108,129  I: 1254
108,129  I: 1255
108,129  I: 1256
108,129  I: 1257
108,129  I: 1258
108,129  I: 1259
108,129  I: 1260
108,129  I: 1261
108,129  I: 1262
108,129  I: 1263
108,129  I: 1264
108,129  I: 1265
108,129  I: 1266
108,129  I: 1267
108,129  I: 1268
108,129  I: 1269
108,129  I: 1270
108,129  I: 1271
108,129  I: 1272
108,129  I: 1273
108,129  I: 1274
108,129  I: 1275
108,129  I: 1276
108,129  I: 1277
108,129  I: 1278
108,129  I: 1279
108,129  I: 1280
108,129  I: 1281
108,129  I: 1282
108,129  I: 1283
108,129  I: 1284
108,129  I: 1285
108,129  I: 1286
108,129  I: 1287
108,129  I: 1288
108,129  I: 1289
108,129  I: 1290
108,129  I: 1291
108,129  I: 1292
108,129  I: 1293
108,129  I: 1294
108,129  I: 1295
108,129  I: 1296
109,129  I: 1297
110,129  I: 1298
110,129  I: 1299
111,129  I: 1300
112,129  I: 1301
112,129  I: 1302
112,129  I: 1303
112,129  I: 1304
112,129  I: 1305
113,129  I: 1306
114,129  I: 1307
114,129  I: 1308
115,129  I: 1309
117,130  I: 1310
117,130  I: 1311
117,130  I: 1312
117,130  I: 1313
117,130  I: 1314
117,130  I: 1315
117,130  I: 1316
117,130  I: 1317
117,130  I: 1318
117,130  I: 1319
117,130  I: 1320
117,130  I: 1321
117,130  I: 1322
117,130  I: 1323
118,130  I: 1324
119,130  I: 1325
119,130  I: 1326
120,130  I: 1327
121,130  I: 1328
121,130  I: 1329
121,130  I: 1330
121,130  I: 1331
121,130  I: 1332
122,130  I: 1333
123,130  I: 1334
123,130  I: 1335
124,130  I: 1336
126,131  I: 1337
126,131  I: 1338
126,131  I: 1339
126,131  I: 1340
126,131  I: 1341
126,131  I: 1342
126,131  I: 1343
126,131  I: 1344
126,131  I: 1345
126,131  I: 1346
126,131  I: 1347
126,131  I: 1348
126,131  I: 1349
126,131  I: 1350
126,131  I: 1351
126,131  I: 1352
126,131  I: 1353
126,131  I: 1354
126,131  I: 1355
126,131  I: 1356
126,131  I: 1357
126,131  I: 1358
126,131  I: 1359
126,131  I: 1360
126,131  I: 1361
126,131  I: 1362
126,131  I: 1363
126,131  I: 1364
126,131  I: 1365
126,131  I: 1366
126,131  I: 1367
126,131  I: 1368
126,131  I: 1369
126,131  I: 1370
126,131  I: 1371
126,131  I: 1372
126,131  I: 1373
126,131  I: 1374
126,131  I: 1375
126,131  I: 1376
126,131  I: 1377
127,131  I: 1378
128,131  I: 1379
128,131  I: 1380
129,131  I: 1381
130,131  I: 1382
130,131  I: 1383
130,131  I: 1384
130,131  I: 1385
130,131  I: 1386
131,131  I: 1387
132,131  I: 1388
132,131  I: 1389
133,131  I: 1390
135,132  I: 1391
135,132  I: 1392
135,132  I: 1393
135,132  I: 1394
135,132  I: 1395
135,132  I: 1396
135,132  I: 1397
135,132  I: 1398
135,132  I: 1399
135,132  I: 1400
135,132  I: 1401
135,132  I: 1402
135,132  I: 1403
135,132  I: 1404
136,132  I: 1405
137,132  I: 1406
137,132  I: 1407
138,132  I: 1408
139,132  I: 1409
139,132  I: 1410
139,132  I: 1411
139,132  I: 1412
139,132  I: 1413
140,132  I: 1414
141,132  I: 1415
141,132  I: 1416
142,132  I: 1417
144,133  I: 1418
144,133  I: 1419
144,133  I: 1420
144,133  I: 1421
144,133  I: 1422
144,133  I: 1423
144,133  I: 1424
144,133  I: 1425
144,133  I: 1426
144,133  I: 1427
144,133  I: 1428
144,133  I: 1429
144,133  I: 1430
144,133  I: 1431
144,133  I: 1432
144,133  I: 1433
144,133  I: 1434
144,133  I: 1435
144,133  I: 1436
144,133  I: 1437
144,133  I: 1438
144,133  I: 1439
144,133  I: 1440
144,133  I: 1441
144,133  I: 1442
144,133  I: 1443
144,133  I: 1444
144,133  I: 1445
144,133  I: 1446
144,133  I: 1447
144,133  I: 1448
144,133  I: 1449
144,133  I: 1450
144,133  I: 1451
144,133  I: 1452
144,133  I: 1453
144,133  I: 1454
144,133  I: 1455
144,133  I: 1456
144,133  I: 1457
144,133  I: 1458
144,133  I: 1459
144,133  I: 1460
144,133  I: 1461
144,133  I: 1462
144,133  I: 1463
144,133  I: 1464
144,133  I: 1465
144,133  I: 1466
144,133  I: 1467
144,133  I: 1468
144,133  I: 1469
144,133  I: 1470
144,133  I: 1471
144,133  I: 1472
144,133  I: 1473
144,133  I: 1474
144,133  I: 1475
144,133  I: 1476
144,133  I: 1477
144,133  I: 1478
144,133  I: 1479
144,133  I: 1480
144,133  I: 1481
144,133  I: 1482
144,133  I: 1483
144,133  I: 1484
144,133  I: 1485
144,133  I: 1486
144,133  I: 1487
144,133  I: 1488
144,133  I: 1489
144,133  I: 1490
144,133  I: 1491
144,133  I: 1492
144,133  I: 1493
144,133  I: 1494
144,133  I: 1495
144,133  I: 1496
144,133  I: 1497
144,133  I: 1498
144,133  I: 1499
144,133  I: 1500
144,133  I: 1501
144,133  I: 1502
144,133  I: 1503
144,133  I: 1504
144,133  I: 1505
144,133  I: 1506
144,133  I: 1507
144,133  I: 1508
144,133  I: 1509
144,133  I: 1510
144,133  I: 1511
144,133  I: 1512
144,133  I: 1513
144,133  I: 1514
144,133  I: 1515
144,133  I: 1516
144,133  I: 1517
144,133  I: 1518
144,133  I: 1519
144,133  I: 1520
144,133  I: 1521
144,133  I: 1522
144,133  I: 1523
144,133  I: 1524
144,133  I: 1525
144,133  I: 1526
144,133  I: 1527
144,133  I: 1528
144,133  I: 1529
144,133  I: 1530
144,133  I: 1531
144,133  I: 1532
144,133  I: 1533
144,133  I: 1534
144,133  I: 1535
144,133  I: 1536
144,133  I: 1537
144,133  I: 1538
144,133  I: 1539
145,133  I: 1540
146,133  I: 1541
146,133  I: 1542
147,133  I: 1543
148,133  I: 1544
148,133  I: 1545
148,133  I: 1546
148,133  I: 1547
148,133  I: 1548
149,133  I: 1549
150,133  I: 1550
150,133  I: 1551
151,133  I: 1552
153,134  I: 1553
153,134  I: 1554
153,134  I: 1555
153,134  I: 1556
153,134  I: 1557
153,134  I: 1558
153,134  I: 1559
153,134  I: 1560
153,134  I: 1561
153,134  I: 1562
153,134  I: 1563
153,134  I: 1564
153,134  I: 1565
153,134  I: 1566
154,134  I: 1567
155,134  I: 1568
155,134  I: 1569
156,134  I: 1570
157,134  I: 1571
157,134  I: 1572
157,134  I: 1573
157,134  I: 1574
157,134  I: 1575
158,134  I: 1576
159,134  I: 1577
159,134  I: 1578
160,134  I: 1579
162,135  I: 1580
162,135  I: 1581
162,135  I: 1582
162,135  I: 1583
162,135  I: 1584
162,135  I: 1585
162,135  I: 1586
162,135  I: 1587
162,135  I: 1588
162,135  I: 1589
162,135  I: 1590
162,135  I: 1591
162,135  I: 1592
162,135  I: 1593
162,135  I: 1594
162,135  I: 1595
162,135  I: 1596
162,135  I: 1597
162,135  I: 1598
162,135  I: 1599
162,135  I: 1600
162,135  I: 1601
162,135  I: 1602
162,135  I: 1603
162,135  I: 1604
162,135  I: 1605
162,135  I: 1606
162,135  I: 1607
162,135  I: 1608
162,135  I: 1609
162,135  I: 1610
162,135  I: 1611
162,135  I: 1612
162,135  I: 1613
162,135  I: 1614
162,135  I: 1615
162,135  I: 1616
162,135  I: 1617
162,135  I: 1618
162,135  I: 1619
162,135  I: 1620
163,135  I: 1621
164,135  I: 1622
164,135  I: 1623
165,135  I: 1624
166,135  I: 1625
166,135  I: 1626
166,135  I: 1627
166,135  I: 1628
166,135  I: 1629
167,135  I: 1630
168,135  I: 1631
168,135  I: 1632
169,135  I: 1633
171,136  I: 1634
171,136  I: 1635
171,136  I: 1636
171,136  I: 1637
171,136  I: 1638
171,136  I: 1639
171,136  I: 1640
171,136  I: 1641
171,136  I: 1642
171,136  I: 1643
171,136  I: 1644
171,136  I: 1645
171,136  I: 1646
171,136  I: 1647
172,136  I: 1648
173,136  I: 1649
173,136  I: 1650
174,136  I: 1651
175,137  I: 1652
175,137  I: 1653
175,137  I: 1654
175,137  I: 1655
175,137  I: 1656
176,137  I: 1657
177,137  I: 1658
177,137  I: 1659
178,137  I: 1660
180,138  I: 1661
180,138  I: 1662
180,138  I: 1663
180,138  I: 1664
180,138  I: 1665
180,138  I: 1666
180,138  I: 1667
180,138  I: 1668
180,138  I: 1669
180,138  I: 1670
180,138  I: 1671
180,138  I: 1672
180,138  I: 1673
180,138  I: 1674
180,138  I: 1675
180,138  I: 1676
180,138  I: 1677
180,138  I: 1678
180,138  I: 1679
180,138  I: 1680
180,138  I: 1681
180,138  I: 1682
180,138  I: 1683
180,138  I: 1684
180,138  I: 1685
180,138  I: 1686
180,138  I: 1687
180,138  I: 1688
180,138  I: 1689
180,138  I: 1690
180,138  I: 1691
180,138  I: 1692
180,138  I: 1693
180,138  I: 1694
180,138  I: 1695
180,138  I: 1696
180,138  I: 1697
180,138  I: 1698
180,138  I: 1699
180,138  I: 1700
180,138  I: 1701
180,138  I: 1702
180,138  I: 1703
180,138  I: 1704
180,138  I: 1705
180,138  I: 1706
180,138  I: 1707
180,138  I: 1708
180,138  I: 1709
180,138  I: 1710
180,138  I: 1711
180,138  I: 1712
180,138  I: 1713
180,138  I: 1714
180,138  I: 1715
180,138  I: 1716
180,138  I: 1717
180,138  I: 1718
180,138  I: 1719
180,138  I: 1720
180,138  I: 1721
180,138  I: 1722
180,138  I: 1723
180,138  I: 1724
180,138  I: 1725
180,138  I: 1726
180,138  I: 1727
180,138  I: 1728
180,138  I: 1729
180,138  I: 1730
180,138  I: 1731
180,138  I: 1732
180,138  I: 1733
180,138  I: 1734
180,138  I: 1735
180,138  I: 1736
180,138  I: 1737
180,138  I: 1738
180,138  I: 1739
180,138  I: 1740
180,138  I: 1741
180,138  I: 1742
180,138  I: 1743
180,138  I: 1744
180,138  I: 1745
180,138  I: 1746
180,138  I: 1747
180,138  I: 1748
180,138  I: 1749
180,138  I: 1750
180,138  I: 1751
180,138  I: 1752
180,138  I: 1753
180,138  I: 1754
180,138  I: 1755
180,138  I: 1756
180,138  I: 1757
180,138  I: 1758
180,138  I: 1759
180,138  I: 1760
180,138  I: 1761
180,138  I: 1762
180,138  I: 1763
180,138  I: 1764
180,138  I: 1765
180,138  I: 1766
180,138  I: 1767
180,138  I: 1768
180,138  I: 1769
180,138  I: 1770
180,138  I: 1771
180,138  I: 1772
180,138  I: 1773
180,138  I: 1774
180,138  I: 1775
180,138  I: 1776
180,138  I: 1777
180,138  I: 1778
180,138  I: 1779
180,138  I: 1780
180,138  I: 1781
180,138  I: 1782
181,140  I: 1783
182,143  I: 1784
182,143  I: 1785
183,145  I: 1786
184,148  I: 1787
184,148  I: 1788
184,148  I: 1789
184,148  I: 1790
184,148  I: 1791
185,150  I: 1792
186,153  I: 1793
186,153  I: 1794
187,155  I: 1795
189,158  I: 1796
189,158  I: 1797
189,158  I: 1798
189,158  I: 1799
189,158  I: 1800
189,158  I: 1801
189,158  I: 1802
189,158  I: 1803
189,158  I: 1804
189,158  I: 1805
189,158  I: 1806
189,158  I: 1807
189,158  I: 1808
189,158  I: 1809
190,160  I: 1810
191,163  I: 1811
191,163  I: 1812
192,165  I: 1813
193,168  I: 1814
193,168  I: 1815
193,168  I: 1816
193,168  I: 1817
193,168  I: 1818
194,170  I: 1819
195,173  I: 1820
195,173  I: 1821
196,176  I: 1822
198,179  I: 1823
198,179  I: 1824
198,179  I: 1825
198,179  I: 1826
198,179  I: 1827
198,179  I: 1828
198,179  I: 1829
198,179  I: 1830
198,179  I: 1831
198,179  I: 1832
198,179  I: 1833
198,179  I: 1834
198,179  I: 1835
198,179  I: 1836
198,179  I: 1837
198,179  I: 1838
198,179  I: 1839
198,179  I: 1840
198,179  I: 1841
198,179  I: 1842
198,179  I: 1843
198,179  I: 1844
198,179  I: 1845
198,179  I: 1846
198,179  I: 1847
198,179  I: 1848
198,179  I: 1849
198,179  I: 1850
198,179  I: 1851
198,179  I: 1852
198,179  I: 1853
198,179  I: 1854
198,179  I: 1855
198,179  I: 1856
198,179  I: 1857
198,179  I: 1858
198,179  I: 1859
198,179  I: 1860
198,179  I: 1861
198,179  I: 1862
198,179  I: 1863
199,181  I: 1864
200,184  I: 1865
200,184  I: 1866
201,186  I: 1867
202,189  I: 1868
202,189  I: 1869
202,189  I: 1870
202,189  I: 1871
202,189  I: 1872
203,191  I: 1873
204,194  I: 1874
204,194  I: 1875
205,197  I: 1876
207,200  I: 1877
207,200  I: 1878
207,200  I: 1879
207,200  I: 1880
207,200  I: 1881
207,200  I: 1882
207,200  I: 1883
207,200  I: 1884
207,200  I: 1885
207,200  I: 1886
207,200  I: 1887
207,200  I: 1888
207,200  I: 1889
207,200  I: 1890
208,202  I: 1891
209,205  I: 1892
209,205  I: 1893
210,207  I: 1894
211,210  I: 1895
211,210  I: 1896
211,210  I: 1897
211,210  I: 1898
211,210  I: 1899
212,212  I: 1900
213,215  I: 1901
213,215  I: 1902
214,218  I: 1903
216,221  I: 1904
216,221  I: 1905
216,221  I: 1906
216,221  I: 1907
216,221  I: 1908
216,221  I: 1909
216,221  I: 1910
216,221  I: 1911
216,221  I: 1912
216,221  I: 1913
216,221  I: 1914
216,221  I: 1915
216,221  I: 1916
216,221  I: 1917
216,221  I: 1918
216,221  I: 1919
216,221  I: 1920
216,221  I: 1921
216,221  I: 1922
216,221  I: 1923
216,221  I: 1924
216,221  I: 1925
216,221  I: 1926
216,221  I: 1927
216,221  I: 1928
216,221  I: 1929
216,221  I: 1930
216,221  I: 1931
216,221  I: 1932
216,221  I: 1933
216,221  I: 1934
216,221  I: 1935
216,221  I: 1936
216,221  I: 1937
216,221  I: 1938
216,221  I: 1939
216,221  I: 1940
216,221  I: 1941
216,221  I: 1942
216,221  I: 1943
216,221  I: 1944
216,221  I: 1945
216,221  I: 1946
216,221  I: 1947
216,221  I: 1948
216,221  I: 1949
216,221  I: 1950
216,221  I: 1951
216,221  I: 1952
216,221  I: 1953
216,221  I: 1954
216,221  I: 1955
216,221  I: 1956
216,221  I: 1957
216,221  I: 1958
216,221  I: 1959
216,221  I: 1960
216,221  I: 1961
216,221  I: 1962
216,221  I: 1963
216,221  I: 1964
216,221  I: 1965
216,221  I: 1966
216,221  I: 1967
216,221  I: 1968
216,221  I: 1969
216,221  I: 1970
216,221  I: 1971
216,221  I: 1972
216,221  I: 1973
216,221  I: 1974
216,221  I: 1975
216,221  I: 1976
216,221  I: 1977
216,221  I: 1978
216,221  I: 1979
216,221  I: 1980
216,221  I: 1981
216,221  I: 1982
216,221  I: 1983
216,221  I: 1984
216,221  I: 1985
216,221  I: 1986
216,221  I: 1987
216,221  I: 1988
216,221  I: 1989
216,221  I: 1990
216,221  I: 1991
216,221  I: 1992
216,221  I: 1993
216,221  I: 1994
216,221  I: 1995
216,221  I: 1996
216,221  I: 1997
216,221  I: 1998
216,221  I: 1999
216,221  I: 2000
216,221  I: 2001
216,221  I: 2002
216,221  I: 2003
216,221  I: 2004
216,221  I: 2005
216,221  I: 2006
216,221  I: 2007
216,221  I: 2008
216,221  I: 2009
216,221  I: 2010
216,221  I: 2011
216,221  I: 2012
216,221  I: 2013
216,221  I: 2014
216,221  I: 2015
216,221  I: 2016
216,221  I: 2017
216,221  I: 2018
216,221  I: 2019
216,221  I: 2020
216,221  I: 2021
216,221  I: 2022
216,221  I: 2023
216,221  I: 2024
216,221  I: 2025
217,218  I: 2026
218,215  I: 2027
This ended
ENDED
Sand: 0
