2, 40178
4, 83275
6, 130775
8, 10, 198224
12, 253043
14, 287985
16, 300999
18, 372271
20, 408703
22, 462588
24, 494119
26, 522130
28, 573813
30, 32, 611954
34, 665362
36, 714444
38, 783539
40, 846426
42, 855688
44, 921901
46, 48, 978954
50, 1041252
52, 1026173
54, 1102970
56, 1117843
58, 1199719
60, 1225579
62, 1258348
64, 1301287
66, 1291524
68, 1379738
70, 72, 1485839
74, 1530810
76, 1594433
78, 1566415
80, 1627801
82, 84, 1682167
86, 1758600
88, 1778234
90, 92, 1895208
94, 1997898
96, 1959327
98, 1951156
100, 102, 2073477
104, 2101598
106, 2155575
108, 2247813
110, 2220748
112, 114, 2337260
116, 118, 2118508
120, 2380060
122, 2470732
124, 126, 2648505
128, 2630816
130, 2740409
132, 2836093
134, 136, 2886202
138, 3088250
140, 2965066
142, 2985470
144, 2957546
146, 148, 3109313
150, 3198064
152, 3253287
154, 3258844
156, 3288079
158, 3316254
160, 3358269
162, 164, 3469475
166, 3633690
168, 3719861
170, 3617861
172, 3686262
174, 3684153
176, 3720732
178, 3683819
180, 3749428
182, 3882382
184, 3914420
186, 3798980
188, 4030028
190, 3932669
192, 4171304
194, 4121013
196, 4206753
198, 200, 4083342
202, 204, 4324386
206, 4441346
208, 210, 4465578
212, 4590697
214, 216, 4409251
218, 4506925
220, 4620807
222, 4753998
224, 4851717
226, 4760754
228, 4785950
230, 4572533
232, 4977548
234, 236, 5046978
238, 4355488
240, 5016027
242, 244, 246, 5112994
248, 5080676
250, 5272448
252, 5339553
254, 5403548
256, 5390406
258, 5296403
260, 5518111
262, 5552865
264, 5699105
266, 268, 270, 5617298
272, 5790847
274, 276, 5870025
278, 5555707
280, 5914857
282, 5972620
284, 5994811
286, 5916516
288, 6040284
290, 6181744
292, 294, 6112432
296, 6295059
298, 6478229
300, 6239880
302, 6558154
304, 6356388
306, 308, 6503583
310, 312, 6707186
314, 6506223
316, 6738876
318, 6783416
320, 6662461
322, 6904896
324, 6882129
326, 6995048
328, 330, 7136679
332, 6897701
334, 336, 6635502
338, 340, 342, 7409664
344, 346, 7404340
348, 7528831
350, 352, 7465671
354, 7451392
356, 7606908
358, 7547059
360, 7587648
362, 7773073
364, 7733312
366, 7832091
368, 7571528
370, 8022170
372, 374, 7668142
376, 378, 7711052
380, 8291583
382, 7870097
384, 7979609
386, 7983375
388, 8344366
390, 7933159
392, 8484385
394, 8640034
396, 8387124
398, 8349496
400, 8501901
402, 8708671
404, 8436368
406, 8534692
408, 8784932
410, 412, 8538097
414, 8867989
416, 8819651
418, 9080340
420, 8617886
422, 9123432
424, 8782700
426, 9051826
428, 9618735
430, 8838833
432, 9413666
434, 9022601
436, 9339085
438, 9174021
440, 9377730
442, 9358158
444, 9345026
446, 9498703
448, 8667762
450, 9828772
452, 9848418
454, 9903000
456, 9446552
458, 9680138
460, 19102972
462, 18263793
464, 10032710
466, 10030340
468, 10022988
470, 10060124
472, 10048089
474, 476, 9677224
478, 10036109
480, 10045703
482, 10253876
484, 9893414
486, 10050470
488, 10353806
490, 8889195
492, 494, 10243377
496, 10241864
498, 10344439
500, 9921650
502, 10572108
504, 10595467
506, 10759870
508, 10654390
510, 10776705
512, 10444861
514, 10884714
516, 11047601
518, 10530586
520, 10959470
522, 10998097
524, 10970085
526, 11216750
528, 11208826
530, 532, 10681772
534, 11668543
536, 11558874
538, 11654417
540, 11487888
542, 11462524
544, 11257258
546, 11752145
548, 550, 11479947
552, 11877525
554, 11372703
556, 558, 11752220
560, 562, 12148383
564, 11749798
566, 12143199
568, 12330806
570, 12163076
572, 12182995
574, 11860321
576, 578, 12170717
580, 11886206
582, 10937513
584, 11873742
586, 12075979
588, 12290958
590, 12603007
592, 10614459
594, 12355160
596, 12610262
598, 12493089
600, 12707812
602, 13059169
604, 12591304
606, 12648155
608, 12387051
610, 13319198
612, 614, 12963136
616, 12804076
618, 13135420
620, 13278971
622, 13043617
624, 626, 13364842
628, 13314951
630, 13028383
632, 13582616
634, 636, 13187045
638, 13413863
640, 13409616
642, 13337692
644, 13290473
646, 13950928
648, 13924718
650, 13437067
652, 14118549
654, 13519326
656, 13757667
658, 13874097
660, 13561077
662, 14260907
664, 13931680
666, 13998645
668, 14093451
670, 13456881
672, 13848481
674, 14170391
676, 14496648
678, 14001240
680, 14104991
682, 13925166
684, 14563849
686, 688, 14659054
690, 14586378
692, 14381287
694, 14813544
696, 14793347
698, 15473845
700, 14537202
702, 15122590
704, 14630029
706, 14929310
708, 15329074
710, 15286176
712, 15362771
714, 15070783
716, 14848873
718, 14990699
720, 722, 15243718
724, 15142555
726, 14888727
728, 730, 15000717
732, 14926856
734, 15496253
736, 15822782
738, 15778527
740, 15982665
742, 15915135
744, 15625163
746, 15590757
748, 15992682
750, 16227884
752, 15838866
754, 16101384
756, 16138662
758, 14322361
760, 15864262
762, 764, 15801483
766, 15938219
768, 16204172
770, 16760224
772, 16463753
774, 16300104
776, 16292573
778, 15986929
780, 16265807
782, 15253900
784, 16693975
786, 16836091
788, 16675864
790, 17153492
792, 17530361
794, 796, 17019442
798, 16590401
800, 16806125
802, 16501841
804, 17050965
806, 16484949
808, 17030749
810, 17109574
812, 17212602
814, 16790806
816, 17459955
818, 820, 17561442
822, 824, 826, 17350072
828, 17644756
830, 17863499
832, 17835663
834, 836, 17174396
838, 17792681
840, 17724142
842, 18360745
844, 18033368
846, 18365608
848, 18383498
850, 852, 18503096
854, 17829585
856, 18348969
858, 18585382
860, 862, 18183979
864, 866, 18809472
868, 18672398
870, 18645120
872, 18933115
874, 876, 18793781
878, 18451185
880, 18097983
882, 18663033
884, 19111678
886, 19173590
888, 18349074
890, 19194048
892, 19426561
894, 896, 19000191
898, 18529369
900, 19139752
902, 18912522
904, 18738164
906, 19162107
908, 19336363
910, 912, 19969416
914, 916, 19169214
918, 920, 922, 19637899
924, 19635157
926, 19225076
928, 20310061
930, 19896512
932, 18507644
934, 20152826
936, 20094389
938, 18400579
940, 942, 20285430
944, 19587686
946, 20277947
948, 19953036
950, 20748406
952, 19909403
954, 20577381
956, 20680226
958, 960, 20198577
962, 964, 21003448
966, 20470776
968, 20532784
970, 20692805
972, 20828671
974, 976, 20137524
978, 20747821
980, 20581366
982, 20705047
984, 22091773
986, 20623170
988, 20116597
990, 21140278
992, 21125342
994, 996, 21587704
998, 21450571
1000, 20929816
1002, 1004, 21661050
1006, 21790535
1008, 20725117
1010, 20860468
1012, 1014, 20749424
1016, 20491008
1018, 1020, 21780453
1022, 1024, 21754043
1026, 1028, 21455696
1030, 21454281
1032, 20994337
1034, 1036, 1038, 20999400
1040, 21586211
1042, 21974402
1044, 21705746
1046, 21556647
1048, 20841484
1050, 1052, 21897412
1054, 21614709
1056, 22215107
1058, 21842355
1060, 21786431
1062, 22121264
1064, 22253539
1066, 21987561
1068, 21777633
1070, 22212398
1072, 22558814
1074, 22167906
1076, 22243891
1078, 22429445
1080, 22719457
1082, 1084, 22469416
1086, 22317026
1088, 22738650
1090, 23481418
1092, 22387755
1094, 22471102
1096, 22519590
1098, 22572754
1100, 22993046
1102, 22979425
1104, 23402568
1106, 22133150
1108, 23388817
1110, 22600848
1112, 23372057
1114, 23038536
1116, 1118, 22673443
1120, 23859526
1122, 23637441
1124, 23650400
1126, 23281041
1128, 23039649
1130, 23419092
1132, 23878562
1134, 22423321
1136, 24019109
1138, 23911738
1140, 23964573
1142, 23270453
1144, 23595902
1146, 24108283
1148, 24257096
1150, 23942808
1152, 24042628
1154, 23730148
1156, 1158, 23704478
1160, 23734908
1162, 23325539
1164, 24258880
1166, 24399623
1168, 24237987
1170, 24053872
1172, 1174, 24070260
1176, 24904422
1178, 23996885
1180, 24665439
1182, 25127412
1184, 24503847
1186, 24855133
1188, 24794966
1190, 23572144
1192, 24527715
1194, 25213829
1196, 23396583
1198, 25148742
1200, 24877340
1202, 1204, 24756061
1206, 24657358
1208, 25001109
1210, 25463261
1212, 24993966
1214, 25403008
1216, 1218, 25010273
1220, 25205438
1222, 25186597
1224, 25329831
1226, 25552806
1228, 25354973
1230, 25157537
1232, 25334503
1234, 1236, 25964535
1238, 24901846
1240, 1242, 25693768
1244, 26049539
1246, 25512519
1248, 25501077
1250, 25742648
1252, 24918133
1254, 25681429
1256, 25878362
1258, 1260, 26533418
1262, 1264, 26644208
1266, 25728012
1268, 25867839
1270, 26091792
1272, 26249989
1274, 26539661
1276, 26266127
1278, 26644628
1280, 25671100
1282, 1284, 26544425
1286, 26471747
1288, 26342676
1290, 26778724
1292, 26879533
1294, 26400392
1296, 26293563
1298, 26957637
1300, 1302, 27281649
1304, 26991424
1306, 27433361
1308, 23839412
1310, 27177487
1312, 27322941
1314, 27215290
1316, 28115622
1318, 1320, 27420609
1322, 27614859
1324, 27086577
1326, 27179585
1328, 27266638
1330, 1332, 1334, 27041496
1336, 27319174
1338, 25597517
1340, 26966039
1342, 27751416
1344, 28045813
1346, 27804883
1348, 27977550
1350, 1352, 27301611
1354, 27935906
1356, 1358, 27976317
1360, 27831517
1362, 28631551
1364, 28543323
1366, 28008863
1368, 28092203
1370, 28225242
1372, 27939953
1374, 28360152
1376, 28982000
1378, 28918585
1380, 28811098
1382, 29063050
1384, 28727420
1386, 28565796
1388, 1390, 29225141
1392, 28636646
1394, 28831053
1396, 27753928
1398, 1400, 29469363
1402, 29111290
1404, 29096272
1406, 1408, 1410, 1412, 28029487
1414, 28301788
1416, 1418, 29050713
1420, 28759783
1422, 1424, 29027398
1426, 29133122
1428, 28648936
1430, 1432, 29960444
1434, 29432626
1436, 29985533
1438, 29714774
1440, 1442, 30537642
1444, 30105602
1446, 30260232
1448, 29693101
1450, 30034288
1452, 29963976
1454, 1456, 30332246
1458, 30817601
1460, 29965607
1462, 1464, 30237680
1466, 29015738
1468, 1470, 31150307
1472, 1474, 29654517
1476, 30017912
1478, 30664191
1480, 30255244
1482, 29471740
1484, 31090842
1486, 30173026
1488, 1490, 26922142
1492, 30409921
1494, 31505770
1496, 30173702
1498, 31111511
1500, 30355221
1502, 31610850
1504, 31818964
1506, 31267064
1508, 31681937
1510, 30531438
1512, 31857088
1514, 31223523
1516, 29895070
1518, 1520, 31043386
1522, 1524, 32316378
1526, 32771238
1528, 32031826
1530, 29118355
1532, 1534, 31063568
1536, 31335702
1538, 32232950
1540, 31303276
1542, 31315207
1544, 31619965
1546, 32238583
1548, 31706672
1550, 29751270
1552, 32876169
1554, 32939517
1556, 32627003
1558, 1560, 32818062
1562, 32982859
1564, 32374129
1566, 31906588
1568, 32368089
1570, 31827156
1572, 32332733
1574, 32308930
1576, 1578, 1580, 33692870
1582, 33915790
1584, 1586, 33996421
1588, 1590, 33172637
1592, 33043391
1594, 33274043
1596, 33493052
1598, 33196963
1600, 33985639
1602, 31679672
1604, 31856520
1606, 33024847
1608, 33986108
1610, 1612, 32643935
1614, 34429127
1616, 33143935
1618, 32988281
1620, 33722493
1622, 33584137
1624, 34025132
1626, 33196232
1628, 33957502
1630, 33183338
1632, 33815040
1634, 34478931
1636, 1638, 33801988
1640, 34803958
1642, 33446643
1644, 34157441
1646, 34890375
1648, 34751539
1650, 1652, 33457299
1654, 1656, 33820509
1658, 33526409
1660, 33595238
1662, 33508104
1664, 33489288
1666, 34927509
1668, 34886886
1670, 34986383
1672, 1674, 35216538
1676, 34667160
1678, 33843232
1680, 34659440
1682, 34590151
1684, 35086084
1686, 1688, 35828354
1690, 35565549
1692, 35756918
1694, 35018924
1696, 35093223
1698, 1700, 35597390
1702, 1704, 34853455
1706, 35675614
1708, 35088722
1710, 33998208
1712, 1714, 35554807
1716, 35908681
1718, 36231518
1720, 35416737
1722, 35999781
1724, 35193822
1726, 35172131
1728, 37490056
1730, 36494651
1732, 35590412
1734, 36346922
1736, 35646899
1738, 1740, 36064779
1742, 36233036
1744, 36177848
1746, 36775487
1748, 36524126
1750, 36612089
1752, 37231215
1754, 36938300
1756, 36681398
1758, 36161703
1760, 36456223
1762, 1764, 33276188
1766, 37190395
1768, 35269998
1770, 35514149
1772, 37061893
1774, 34182175
1776, 1778, 36481419
1780, 36731438
1782, 37104336
1784, 1786, 36626227
1788, 36439117
1790, 37101320
1792, 1794, 38476499
1796, 37585553
1798, 37950935
1800, 37893440
1802, 35057712
1804, 36004994
1806, 37243019
1808, 37172035
1810, 38071891
1812, 38324590
1814, 1816, 37195282
1818, 1820, 1822, 1824, 38347764
1826, 31127009
1828, 38637565
1830, 1832, 1834, 38908349
1836, 37803025
1838, 38296447
1840, 38981737
1842, 36363900
1844, 1846, 39249333
1848, 38284377
1850, 39246713
1852, 38556702
1854, 38074630
1856, 37751296
1858, 37640153
1860, 37586349
1862, 38411130
1864, 39743370
1866, 38637739
1868, 39142884
1870, 39115513
1872, 39183203
1874, 38748706
1876, 39629739
1878, 1880, 38690549
1882, 38101220
1884, 38601120
1886, 39596723
1888, 1890, 38090746
1892, 40080168
1894, 38429410
1896, 1898, 38127983
1900, 35599847
1902, 39201885
1904, 40081989
1906, 39494663
1908, 1910, 39350540
1912, 39408945
1914, 1916, 38550011
1918, 40897287
1920, 39466434
1922, 40400131
1924, 40060045
1926, 39295622
1928, 41043145
1930, 1932, 40081835
1934, 39149347
1936, 1938, 39613801
1940, 41385021
1942, 40111152
1944, 39513059
1946, 1948, 40887325
1950, 40892328
1952, 40092700
1954, 40445260
1956, 41016522
1958, 40595640
1960, 40158976
1962, 40239125
1964, 41141511
1966, 40343502
1968, 39251245
1970, 41540279
1972, 41196600
1974, 40527654
1976, 1978, 40743849
1980, 41231022
1982, 39539196
1984, 1986, 42197051
1988, 1990, 41061360
1992, 41310130
1994, 1996, 1998, 40895083
2000, 41360652
