653928
, 10948896
, 1110, 11, 969567
12, 1056632
13, 1112310
14, 1258581
10, 650171
11, 748559
10, 677892
10, 10, 211555
11, 8300, 165623652
8305, 164968259
8310, 158780988
8315, 168249976
8320, 8325, 169246818
8330, 162931795
8335, 168504819
8340, 172681730
8345, 167793323
8350, 8355, 169330936
8360, 168443518
8365, 169080428
8370, 172433663
8375, 169314273
8380, 8385, 165925823
8390, 165772788
8395, 173160206
8400, 8405, 171014882
8410, 169052021
8415, 165754713
8420, 167417569
8425, 8430, 8435, 171400362
8440, 8445, 169292317
8450, 173301718
8455, 165138536
8460, 171016034
8465, 166009014
8470, 169680583
8475, 170545294
8480, 171362246
8485, 170573977
8490, 166423298
8495, 174480575
8500, 171688503
8505, 167160910
8510, 166531315
8515, 173028381
8520, 168363194
8525, 161996264
8530, 167413447
8535, 165135510
8540, 171731264
8545, 174325839
8550, 172419173
8555, 163998620
8560, 176580614
8565, 172019176
8570, 172109722
8575, 172140480
8580, 171819016
8585, 8590, 175020479
8595, 174818699
8600, 171155823
8605, 172429541
8610, 173712720
8615, 8620, 8625, 174441442
8630, 8635, 173598954
8640, 168123925
8645, 8650, 199042194
8655, 174663019
8660, 174805088
8665, 172038112
8670, 165343960
8675, 175196275
8680, 8685, 176680943
8690, 172415036
8695, 169401541
8700, 178935780
8705, 171668683
8710, 170029133
8715, 173436081
8720, 8725, 177213624
8730, 163262475
8735, 8740, 173830580
8745, 8750, 8755, 170397986
8760, 177001693
8765, 8770, 180740154
8775, 8780, 176394917
8785, 8790, 174725045
8795, 172705908
8800, 177418495
8805, 176180959
8810, 168985591
8815, 174516094
8820, 181517070
8825, 178389704
8830, 174107892
8835, 182207053
8840, 8845, 173697658
8850, 173425436
8855, 178150881
8860, 168470589
8865, 178570766
8870, 179848942
8875, 175230612
8880, 175204808
8885, 170489502
8890, 8895, 176957620
8900, 172695160
8905, 173757196
8910, 178021708
8915, 8920, 177925766
8925, 183160110
8930, 177330820
8935, 174720562
8940, 173677150
8945, 8950, 182114800
8955, 165952840
8960, 175101254
8965, 182986175
8970, 185233831
8975, 8980, 180193255
8985, 159320638
8990, 176202735
8995, 173865005
9000, 179075516
9005, 181885860
9010, 9015, 182752193
9020, 180568300
9025, 181221636
9030, 185663733
9035, 9040, 183211920
9045, 9050, 171646465
9055, 178343685
9060, 184512596
9065, 179666834
9070, 181846477
9075, 179346480
9080, 9085, 179697275
9090, 9095, 9100, 9105, 9110, 179789677
9115, 181276759
9120, 186008276
9125, 177603668
9130, 186228395
9135, 182780175
9140, 178414937
9145, 182930897
9150, 171887707
9155, 9160, 178643939
9165, 184730751
9170, 179968281
9175, 186934530
9180, 185769552
9185, 180418546
9190, 184932466
9195, 184716486
9200, 185490925
9205, 186663813
9210, 178767945
9215, 182211358
9220, 186761975
9225, 180718463
9230, 9235, 180678287
9240, 187759079
9245, 182579729
9250, 183915359
9255, 188134623
9260, 174625501
9265, 187486785
9270, 187258331
9275, 190495487
9280, 172912785
9285, 182157272
9290, 182838557
9295, 183520389
9300, 187495012
9305, 186406277
9310, 184451039
9315, 184938295
9320, 187263405
9325, 9330, 185705837
9335, 187955265
9340, 183449923
9345, 181721609
9350, 184363706
9355, 185144337
9360, 187063878
9365, 184968270
9370, 193235901
9375, 192149992
9380, 9385, 189244621
9390, 188701244
9395, 181299074
9400, 188800883
9405, 9410, 188629317
9415, 9420, 181507127
9425, 188596742
9430, 178237045
9435, 190225288
9440, 186472436
9445, 192490896
9450, 185474080
9455, 191487822
9460, 193629945
9465, 191144168
9470, 190523327
9475, 9480, 190101078
9485, 190477235
9490, 191299670
9495, 189110082
9500, 193821599
9505, 190684559
9510, 191621934
9515, 186066869
9520, 182579287
9525, 184558599
9530, 194828662
9535, 189500231
9540, 195844997
9545, 194904199
9550, 189984387
9555, 189111942
9560, 192593553
9565, 186926534
9570, 9575, 9580, 187375680
9585, 193199580
9590, 182407469
9595, 188151077
9600, 187475709
9605, 191354455
9610, 9615, 9620, 193032829
9625, 195243758
9630, 194593254
9635, 195916622
9640, 