6000, 6003, 6006, 6009, 6012, 6015, 6018, 6021, 6024, 6027, 6030, 6033, 6036, 6039, 6042, 6045, 6048, 6051, 6054, 6057, 6060, 6063, 6066, 6069, 6072, 6075, 6078, 6081, 6084, 6087, 6090, 6093, 6096, 6099, 6102, 6105, 6108, 6111, 6114, 6117, 6120, 6123, 6126, 6129, 6132, 6135, 6138, 6141, 6144, 6147, 6150, 6153, 6156, 6159, 6162, 6165, 6168, 6171, 6174, 6177, 6180, 6183, 6186, 6189, 6192, 6195, 6198, 6201, 6204, 6207, 6210, 6213, 6216, 6219, 6222, 6225, 6228, 6000, 119719694
6003, 118851381
6006, 120997081
6009, 119481185
6012, 6015, 119196985
6018, 119787512
6021, 119442241
6024, 116033863
6027, 120324021
6030, 120252274
6033, 92405026
6036, 120394083
6039, 122475427
6042, 115492687
6045, 121653032
6048, 6051, 119088784
6054, 119148848
6057, 118560126
6060, 118170124
6063, 122017828
6066, 112891210
6069, 123418504
6072, 121460516
6075, 117387536
6078, 119432157
6081, 120861328
6084, 119294441
6087, 123013149
6090, 119343062
6093, 6096, 115280752
6099, 6102, 121222945
6105, 118342981
6108, 116424851
6111, 115679655
6114, 6117, 122386970
6120, 121998573
6123, 125777379
6126, 119182958
6129, 120996809
6132, 120831221
6135, 118525737
6138, 117698161
6141, 6144, 121402083
6147, 116615991
6150, 6153, 6156, 120815339
6159, 6162, 118481527
6165, 6168, 122110263
6171, 118310427
6174, 125443688
6177, 119939951
6180, 119787292
6183, 116213263
6186, 120919184
6189, 124539483
6192, 117894744
6195, 125103472
6198, 121506771
6201, 122570581
6204, 122759688
6207, 124122512
6210, 122446977
6213, 6216, 118182171
6219, 115862360
6222, 120548301
6225, 120607989
6228, 6231, 123717615
6234, 6237, 124782406
6240, 123249268
6243, 122347577
6246, 123593501
6249, 118845184
6252, 125995561
6255, 123695364
6258, 6261, 120359978
6264, 6267, 125453055
6270, 127369708
6273, 124850672
6276, 120306102
6279, 126796094
6282, 121180239
6285, 119770186
6288, 119321188
6291, 6294, 123405521
6297, 125294220
6300, 6303, 6306, 123778851
6309, 127031892
6312, 6315, 106842260
6318, 123349099
6321, 127795493
6324, 124714357
6327, 117835213
6330, 126279581
6333, 125594497
6336, 6339, 123050466
6342, 124764151
6345, 6348, 6351, 129774549
6354, 129120648
6357, 121945775
6360, 129961281
6363, 126064616
6366, 6369, 6372, 123579760
6375, 129800905
6378, 128512541
6381, 129478192
6384, 121396036
6387, 127414720
6390, 125785592
6393, 6396, 131831586
6399, 126016188
6402, 126889262
6405, 119047677
6408, 123344659
6411, 125791939
6414, 117756448
6417, 125303354
6420, 6000, 119663003
6003, 116397117
6006, 117313050
6009, 117876785
6012, 117456729
6015, 118636446
6018, 116505677
6021, 118872286
6024, 6027, 117521864
6030, 119215235
6033, 120716574
6036, 118650341
6039, 118499369
6042, 120051573
6045, 119502363
6048, 124164991
6051, 117969318
6054, 122743095
6057, 120502276
6060, 115466681
6063, 117300260
6066, 120546289
6069, 116672871
6072, 119261992
6075, 123487019
6078, 121462824
6081, 120580582
6084, 117842334
6087, 6090, 120656539
6093, 6096, 115602504
6099, 120995806
6102, 119339540
6105, 120105343
6108, 118340951
6111, 6114, 120959874
6117, 122400902
6120, 121899236
6123, 120723492
6126, 121011606
6129, 122051544
6132, 119861638
6135, 118257994
6138, 122213025
6141, 122248931
6144, 123315514
6147, 122804293
6150, 114865945
6153, 121290547
6156, 123698884
6159, 123516320
6162, 121219264
6165, 121491836
6168, 6171, 124266223
6174, 124200650
6177, 122429121
6180, 121747237
6183, 116017442
6186, 121634368
6189, 6192, 6195, 122604430
6198, 125026490
6201, 121304585
6204, 121320720
6207, 6210, 120726105
6213, 122577464
6216, 122009909
6219, 124399984
6222, 6225, 126296909
6228, 126908873
6231, 121266399
6234, 126297355
6237, 124704556
6240, 123276058
6243, 122427375
6246, 122767400
6249, 122738161
6252, 124320311
6255, 122971644
6258, 123594321
6261, 120634699
6264, 6267, 124090421
6270, 125263444
6273, 123664333
6276, 125631571
6279, 122492594
6282, 122203474
6285, 125088259
6288, 123220327
6291, 124242996
6294, 126265403
6297, 123537794
6300, 124984515
6303, 127444332
6306, 127046309
6309, 125259291
6312, 122583511
6315, 123868619
6318, 126171426
6321, 126324247
6324, 6327, 126041254
6330, 122154741
6333, 120872455
6336, 123597761
6339, 127248642
6342, 121491835
6345, 122633016
6348, 123680789
6351, 127219484
6354, 128372327
6357, 115835586
6360, 126501727
6363, 6366, 124009841
6369, 124294010
6372, 6375, 124675803
6378, 126689608
6381, 129168778
6384, 124319341
6387, 125816002
6390, 125957971
6393, 118112821
6396, 130462141
6399, 128221550
6402, 128430636
6405, 122290400
6408, 124746035
6411, 125093788
6414, 124923748
6417, 123035404
6420, 125767451
6423, 128825831
6426, 126246780
6429, 122623178
6432, 130162444
6435, 125025997
6438, 6441, 128644089
6444, 126036756
6447, 128048695
6450, 126606442
6453, 128670473
6456, 6459, 129220428
6462, 123750755
6465, 121024536
6468, 6471, 125731151
6474, 129011675
6477, 129167107
6480, 124230212
6483, 129434084
6486, 6489, 126597191
6492, 130589653
6495, 128046950
6498, 128014265
6501, 133407694
6504, 125248355
6507, 128491456
6510, 125755703
6513, 125457057
6516, 6519, 129129845
6522, 122989035
6525, 131505367
6528, 129594964
6531, 131131064
6534, 128641577
6537, 119643462
6540, 127302884
6543, 130466280
6546, 127842398
6549, 132129957
6552, 127787640
6555, 6558, 128170229
6561, 130405671
6564, 127677425
6567, 128092130
6570, 128863681
6573, 127255236
6576, 127997674
6579, 6582, 132682034
6585, 131129770
6588, 6591, 128928805
6594, 130662313
6597, 126473499
6600, 131026010
6603, 129959286
6606, 129826913
6609, 6612, 131501034
6615, 131343551
6618, 6621, 128910556
6624, 133241169
6627, 6630, 127342912
6633, 6636, 129201769
6639, 129205300
6642, 130940925
6645, 127422819
6648, 130020041
6651, 134695360
6654, 128224930
6657, 132690513
6660, 6663, 130561977
6666, 131361467
6669, 131418932
6672, 129122224
6675, 133368632
6678, 137258252
6681, 131789669
6684, 132311727
6687, 134770180
6690, 129455784
6693, 131137830
6696, 135747401
6699, 136704021
6702, 135005822
6705, 128718077
6708, 128845644
6711, 130555697
6714, 6717, 6720, 134388284
6723, 133791107
6726, 6729, 136586855
6732, 6735, 124379373
6738, 130430603
6741, 131301956
6744, 6747, 130104219
6750, 130244487
6753, 6756, 132361212
6759, 129858732
6762, 132541946
6765, 123159478
6768, 134144018
6771, 133171960
6774, 132870849
6777, 6780, 132163148
6783, 138535255
6786, 132745491
6789, 131925681
6792, 6795, 134113371
6798, 133745364
6801, 6804, 135277041
6807, 135044113
6810, 134447771
6813, 132567845
6816, 136423452
6819, 136592825
6822, 133946767
6825, 133176381
6828, 128807914
6831, 138532437
6834, 134072778
6837, 134978503
6840, 134744059
6843, 128098977
6846, 135666000
6849, 135087869
6852, 137378057
6855, 136063713
6858, 136145836
6861, 133754236
6864, 136340432
6867, 138386545
6870, 138518701
6873, 128738768
6876, 134635597
6879, 138049732
6882, 139849388
6885, 137745216
6888, 137051922
6891, 138339353
6894, 6897, 6900, 135579164
6903, 117148057
6906, 132098130
6909, 133049620
6912, 135928169
6915, 6918, 136387221
6921, 139346999
6924, 130378484
6927, 136433786
6930, 135451666
6933, 6936, 136739523
6939, 133972540
6942, 6945, 135489028
6948, 138302417
6951, 138367594
6954, 137049381
6957, 6960, 6963, 134970526
6966, 137387029
6969, 134291937
6972, 141693389
6975, 141152325
6978, 138403675
6981, 6984, 136614398
6987, 139550166
6990, 132221249
6993, 6996, 138071139
6999, 140508695
7002, 139791728
7005, 139633247
7008, 138293035
7011, 136112135
7014, 138809128
7017, 140079701
7020, 139883087
7023, 140042894
7026, 7029, 7032, 140387815
7035, 143144271
7038, 7041, 139782184
7044, 139741354
7047, 138668342
7050, 138422946
7053, 140731081
7056, 141152407
7059, 137645426
7062, 142262683
7065, 135833457
7068, 132007099
7071, 136780199
7074, 142182927
7077, 7080, 137507246
7083, 139883228
7086, 138271175
7089, 133443847
7092, 139013560
7095, 137281274
7098, 136993846
7101, 138407359
7104, 7107, 141256824
7110, 142692122
7113, 139159136
7116, 144396538
7119, 140686863
7122, 139096373
7125, 139405677
7128, 7131, 144246780
7134, 139784173
7137, 7140, 139739628
7143, 7146, 136910363
7149, 142713241
7152, 140312092
7155, 138698740
7158, 141023049
7161, 138773754
7164, 141085696
7167, 138284991
7170, 143217460
7173, 139295874
7176, 135600066
7179, 141364774
7182, 138105988
7185, 141547938
7188, 139560203
7191, 142358931
7194, 139881831
7197, 140611300
7200, 137817134
7203, 142552480
7206, 138309157
7209, 142791548
7212, 7215, 141150732
7218, 7221, 141644105
7224, 144555653
7227, 137081637
7230, 141728251
7233, 138111748
7236, 138442531
7239, 142056739
7242, 144082349
7245, 144443668
7248, 135308023
7251, 139923197
7254, 125658952
7257, 142775516
7260, 139220383
7263, 7266, 135660673
7269, 145331701
7272, 143746433
7275, 141206214
7278, 139545429
7281, 7284, 145102616
7287, 143554197
7290, 146893321
7293, 137172537
7296, 141322263
7299, 141586406
7302, 140789461
7305, 143978284
7308, 7311, 143377301
7314, 7317, 144140120
7320, 152561725
7323, 140124445
7326, 139894458
7329, 144522703
7332, 146913888
7335, 142091315
7338, 143440878
7341, 7344, 7347, 143519612
7350, 145726876
7353, 7356, 143809720
7359, 149187320
7362, 7365, 142632397
7368, 142558943
7371, 144260427
7374, 145968981
7377, 145988319
7380, 146746117
7383, 145934425
7386, 145864423
7389, 140826151
7392, 147493458
7395, 146398922
7398, 147183954
7401, 144116585
7404, 145377933
7407, 145558392
7410, 149832884
7413, 7416, 147939108
7419, 143708393
7422, 7425, 147625012
7428, 7431, 7434, 145872146
7437, 147986745
7440, 145135457
7443, 149363337
7446, 143888301
7449, 149238848
7452, 145293337
7455, 148297074
7458, 7461, 151280285
7464, 149402992
7467, 152902420
7470, 144250978
7473, 148109313
7476, 149735121
7479, 141304150
7482, 148237336
7485, 150910188
7488, 148697364
7491, 7494, 147386735
7497, 142758516
7500, 147363663
7503, 141057300
7506, 150041891
7509, 149850446
7512, 147829445
7515, 148019776
7518, 146042626
7521, 146927803
7524, 146378113
7527, 150674821
7530, 147487470
7533, 144790545
7536, 146094284
7539, 143161752
7542, 149732525
7545, 150245474
7548, 149241170
7551, 7554, 151297009
7557, 7560, 145261509
7563, 153396224
7566, 148221717
7569, 147373767
7572, 150994601
7575, 141223095
7578, 153343439
7581, 152314378
7584, 152636536
7587, 150506530
7590, 148921504
7593, 137096994
7596, 7599, 146364267
7602, 154865195
7605, 153510044
7608, 153008132
7611, 7614, 7617, 145347031
7620, 7623, 146790778
7626, 148546975
7629, 147570918
7632, 146660003
7635, 7638, 7641, 152297650
7644, 149466407
7647, 149122514
7650, 7653, 151278727
7656, 146883398
7659, 153201038
7662, 149719015
7665, 140341716
7668, 149148994
7671, 156276087
7674, 149719074
7677, 150107772
7680, 7683, 7686, 131428350
7689, 7692, 152807630
7695, 155376827
7698, 7701, 155359138
7704, 157426195
7707, 148232570
7710, 148391347
7713, 151723976
7716, 152510479
7719, 149714368
7722, 153375311
7725, 152461733
7728, 153572371
7731, 151225739
7734, 154289904
7737, 155545886
7740, 152956585
7743, 149337329
7746, 7749, 153525654
7752, 153735419
7755, 151640979
7758, 148634820
7761, 154049243
7764, 153976277
7767, 151819784
7770, 154212242
7773, 153210743
7776, 149221143
7779, 149822838
7782, 152279564
7785, 153620691
7788, 152240987
7791, 7794, 153790454
7797, 7800, 154813087
7803, 145098785
7806, 7809, 156604526
7812, 156927017
7815, 151392177
7818, 153881684
7821, 7824, 156539350
7827, 7830, 155146498
7833, 156875704
7836, 153979297
7839, 153299160
7842, 158425709
7845, 150303491
7848, 153696452
7851, 158762262
7854, 157253216
7857, 150408001
7860, 154199062
7863, 158931394
7866, 150555241
7869, 155147989
7872, 151305957
7875, 151206131
7878, 141555379
7881, 155553811
7884, 156849380
7887, 7890, 154236650
7893, 7896, 7899, 7902, 159368305
7905, 156544299
7908, 153793712
7911, 154672433
7914, 155267870
7917, 155212012
7920, 159937306
7923, 158254862
7926, 7929, 149066822
7932, 156355676
7935, 161634465
7938, 159519622
7941, 155176382
7944, 7947, 7950, 153555247
7953, 157271471
7956, 145757087
7959, 160489050
7962, 157109662
7965, 154719086
7968, 148035424
7971, 7974, 155861166
7977, 7980, 153744223
7983, 156109446
7986, 7989, 7992, 158067019
7995, 7998, 159029838
8001, 8004, 159947037
8007, 154433306
8010, 8013, 150964655
8016, 8019, 157498591
8022, 153276395
8025, 154433544
8028, 157176628
8031, 158588903
8034, 161726544
8037, 158840095
8040, 160922832
8043, 156866419
8046, 159901083
8049, 157998082
8052, 160672489
8055, 159286233
8058, 159161356
8061, 8064, 160440617
8067, 158039104
8070, 8073, 160807058
8076, 157395564
8079, 161852709
8082, 162205717
8085, 157685424
8088, 163347266
8091, 158038011
8094, 154249440
8097, 8100, 158118107
8103, 161885164
8106, 161778669
8109, 159751101
8112, 157599773
8115, 158281268
8118, 156297418
8121, 161161034
8124, 8127, 156501419
8130, 163490356
8133, 158750356
8136, 160731225
8139, 163098291
8142, 163846604
8145, 159396586
8148, 157162525
8151, 163018131
8154, 8157, 159259235
8160, 156348928
8163, 158055736
8166, 165475062
8169, 159393156
8172, 164642231
8175, 160319330
8178, 161779464
8181, 8184, 159536355
8187, 161667793
8190, 157827979
8193, 162820749
8196, 163284377
8199, 163559413
8202, 162519654
8205, 164561430
8208, 160309846
8211, 8214, 153013508
8217, 161056165
8220, 161648931
8223, 163688444
8226, 165844247
8229, 164488059
8232, 167015749
8235, 159986806
8238, 167220770
8241, 164899582
8244, 163143067
8247, 163937084
8250, 156501449
8253, 159024265
8256, 157038247
8259, 152320277
8262, 161069586
8265, 161460949
8268, 8271, 161324907
8274, 158989183
8277, 166661070
8280, 167041015
8283, 162767843
8286, 164685113
8289, 161231389
8292, 164156245
8295, 170747494
8298, 8301, 163007685
8304, 163117559
8307, 162753343
8310, 163410041
8313, 161588977
8316, 161376523
8319, 167082005
8322, 163319442
8325, 161080596
8328, 160582666
8331, 163394742
8334, 158369969
8337, 155341594
8340, 164949024
8343, 165776476
8346, 164366767
8349, 8352, 167336957
8355, 