10, 252018
11, 258358
12, 261829
13, 296292
14, 305080
15, 325427
16, 348925
17, 385065
18, 392776
19, 437542
20, 454841
21, 505674
26, 558845
29, 610999
33, 678660
34, 717798
35, 691408
36, 775525
37, 788378
40, 799821
41, 875989
42, 882065
43, 928295
44, 930079
45, 955805
46, 985327
47, 979585
48, 1009274
49, 1040847
50, 1010258
53, 1084789
54, 1125008
55, 1157133
56, 1078338
57, 1193010
58, 1234006
59, 1225019
60, 1275524
61, 1219722
62, 1287177
63, 1318504
64, 1333302
68, 1410920
69, 1435340
72, 1536752
73, 1554519
74, 1521752
75, 1559696
76, 1582512
77, 1640452
78, 1638195
81, 1739495
82, 1673501
83, 1666440
84, 1771198
85, 1721956
86, 1818120
87, 1865803
92, 1914529
93, 1954182
94, 1973838
97, 2064969
98, 2064193
99, 2090397
100, 2155801
101, 2146567
104, 2211665
105, 2263025
106, 2140271
107, 2192891
108, 2144146
111, 2293714
117, 2378694
118, 2428913
119, 2422178
120, 2526939
121, 2553222
122, 2587776
123, 2609851
124, 2497869
125, 2653333
126, 2614961
127, 2677678
128, 2639390
129, 2671949
130, 2583458
131, 2675676
132, 2758532
133, 2630158
134, 2711224
135, 2714203
136, 2718258
137, 2751072
138, 2748503
139, 2685188
140, 2902152
141, 2887065
142, 2928841
143, 2858360
144, 2925896
145, 2909388
146, 2951762
147, 2961520
148, 3000595
149, 3028758
150, 2988780
151, 3109617
152, 3159097
153, 3137057
154, 2844474
157, 3192177
160, 3269321
161, 3293559
162, 3383790
166, 3361399
167, 3385519
170, 3330606
171, 3426969
174, 3556358
175, 3706284
176, 3555420
179, 3696272
180, 3531690
181, 3774017
182, 3785615
183, 3692174
186, 3798149
187, 3702393
188, 3813351
189, 3864489
190, 3925760
193, 3946286
194, 3630927
195, 4049875
196, 3957581
197, 4015811
198, 4027679
199, 4034247
200, 4211688
209, 4301335
210, 4285756
211, 4326189
212, 4273617
213, 4301438
214, 4268825
215, 4306276
216, 4402929
217, 4366260
218, 4394146
219, 4469270
220, 4475565
221, 4436235
222, 4482766
223, 4639841
224, 4524215
225, 4586533
226, 4201789
227, 4454303
228, 4385535
229, 4596832
230, 4802418
231, 4733728
234, 4641652
237, 4857163
240, 4849533
243, 5006677
244, 4971408
245, 4986657
246, 4987486
247, 5091955
248, 5141914
249, 4673967
250, 5011149
251, 5142703
252, 5253577
253, 5141891
254, 5125699
255, 5225377
256, 5187828
257, 5129347
258, 5267258
259, 4999681
260, 5343003
261, 5164359
262, 5228790
263, 5340395
264, 5397349
265, 5327907
268, 5551418
269, 5360564
270, 5442188
271, 5388671
272, 5501587
273, 5497851
274, 5659550
279, 5761249
280, 5447389
281, 5766694
282, 5547972
283, 5775722
284, 5792330
285, 5684397
286, 5817177
287, 6004897
288, 5674947
289, 5931994
290, 6007599
291, 5876489
292, 5613767
293, 5946131
294, 5825652
295, 5977517
298, 5908170
299, 5873967
305, 6050364
306, 6038968
307, 6054761
310, 6375066
311, 6094813
314, 6487594
315, 6487868
316, 6372654
317, 6422261
318, 6458939
319, 6435989
320, 6583843
321, 6637859
322, 6546607
323, 6600840
324, 6465360
325, 6430974
326, 6710119
327, 6537779
328, 6600013
329, 6679400
330, 6671783
333, 6775157
336, 6789685
337, 6826342
338, 6232634
339, 7208165
340, 7167348
341, 6798006
342, 6998204
343, 7027138
344, 6989058
345, 6912577
346, 7278152
347, 7040804
348, 7068348
349, 7069622
350, 6872828
351, 6778847
352, 6962630
353, 6934507
354, 7248733
355, 7301822
358, 7399512
359, 7267722
360, 7243117
361, 7521764
362, 7618699
363, 6874971
364, 7587611
365, 7199089
366, 7461164
367, 7626823
368, 7378672
371, 7149872
372, 7545960
373, 7707877
374, 7861605
377, 7680437
378, 7833473
379, 7673728
380, 7728532
381, 7679457
382, 7602513
383, 7684595
384, 7678701
387, 7849239
388, 7898573
389, 7787185
390, 8100786
391, 7903181
392, 7798772
393, 7805372
394, 7565483
395, 7770837
396, 8168967
397, 8335628
398, 8130313
399, 7994518
402, 8170744
403, 8164090
404, 8396223
405, 8374518
406, 8098097
407, 8319315
408, 7782042
409, 8388430
410, 8420707
411, 8271325
415, 8478525
418, 8426357
421, 8349901
424, 8708010
425, 8646996
426, 8470148
427, 8740873
428, 8606543
429, 8564515
430, 8749514
431, 8748110
432, 8611501
433, 8878824
434, 8829421
437, 8926906
440, 8934072
441, 8980368
442, 8904902
443, 8261073
444, 9013530
445, 9122236
446, 9300370
447, 9035512
448, 8735032
449, 9346563
450, 9218528
451, 9114242
452, 9009394
453, 8956166
456, 9223516
457, 9189790
458, 9401839
459, 9421140
460, 8730459
461, 9382016
462, 9059279
463, 9195438
464, 9188631
467, 9472975
470, 9562274
473, 9573448
474, 9304263
475, 9702562
476, 9552986
477, 9276181
478, 9640161
479, 9462850
480, 9495193
481, 9879375
482, 9781502
486, 9520376
487, 10111578
488, 9894046
489, 9673961
490, 9448745
491, 9680097
492, 10101439
493, 10355091
494, 9908185
495, 10112949
498, 10121309
499, 10108574
502, 10110121
503, 9931275
504, 9881156
505, 10134855
506, 9753800
507, 9978545
508, 10166534
509, 10091227
510, 10414000
511, 10254586
512, 10688961
513, 10354474
514, 10438861
515, 10347196
516, 10367857
517, 10441766
518, 10642195
519, 9730747
522, 10279690
523, 10595212
524, 10228336
527, 10655337
528, 10838827
529, 11058689
530, 10960966
531, 10463823
532, 10928488
533, 10761183
536, 10973696
537, 10847536
538, 10815048
539, 11040336
540, 10280084
541, 10735113
542, 11148129
543, 10384158
544, 10960586
545, 10834039
546, 11224500
547, 11043139
548, 10968753
553, 10838531
554, 11232819
557, 11135721
558, 11151091
559, 11281290
562, 9847579
563, 11256654
564, 11452476
565, 11503946
566, 11478597
569, 11256431
570, 11485276
571, 11623859
572, 11363719
573, 11442033
577, 11455269
578, 11837131
579, 11743558
580, 11895363
581, 11126588
582, 11764017
583, 11763837
584, 11280233
585, 12098452
586, 11938591
589, 12012140
590, 12100680
591, 12012476
592, 12051422
593, 11824349
594, 12045391
595, 11814628
596, 11868970
597, 12169710
598, 11847038
599, 12357030
600, 12104989
601, 12438894
602, 11892831
603, 11718646
604, 12351257
605, 12465204
606, 11435572
607, 12286952
608, 12069126
609, 12579784
612, 12154520
615, 12565412
616, 12161469
617, 11778218
618, 11869771
619, 12508060
620, 12574942
621, 12250711
622, 12564577
623, 12554566
624, 12435464
625, 12314479
626, 12802841
627, 12747054
628, 12133271
633, 12608217
638, 13028076
639, 12745347
640, 13025156
641, 12740000
642, 13012661
643, 13225036
644, 12476413
645, 13063520
648, 13299075
649, 13124083
650, 13111087
651, 13433832
654, 13251200
658, 13744056
659, 13139898
660, 13349228
663, 13496278
666, 13532642
667, 13625322
668, 13323561
669, 13352214
670, 13456710
673, 13824707
676, 13963593
677, 13729812
680, 13716853
681, 13992001
682, 14280928
683, 14206712
684, 13964116
685, 13251610
686, 13810561
687, 13562085
688, 13856432
689, 13790520
690, 14052464
691, 13875221
692, 13696341
693, 13654304
696, 13778550
697, 13611728
698, 13978619
699, 14026227
700, 14097976
701, 14604255
702, 14180604
703, 14772459
704, 14257417
707, 14522839
712, 13882804
713, 14671426
714, 13916123
715, 14485140
716, 14596643
717, 14470783
718, 14807431
719, 14320960
720, 14174324
721, 14511050
722, 14234946
726, 14777862
727, 14597663
728, 14692714
729, 14726095
732, 14502012
733, 15097464
734, 14969543
735, 15176174
736, 14605576
737, 14967270
738, 14312856
739, 14608507
740, 14654113
741, 14763672
742, 15045789
743, 15102514
744, 15253135
745, 15536115
746, 15157218
747, 15441587
760, 15150925
761, 15700166
762, 15175648
763, 15524000
764, 15358281
765, 15480077
766, 15972345
767, 15469705
768, 15918257
769, 15758202
770, 15413749
771, 15830537
772, 15809818
773, 15149716
774, 15302881
775, 15874883
776, 15750996
777, 16068984
780, 16321963
781, 15230322
782, 15593947
786, 15394323
787, 15917293
788, 15227749
789, 15857692
790, 16317269
793, 15978333
794, 16035616
795, 16192778
796, 15732136
797, 16006180
798, 16287699
801, 16592705
802, 16150043
806, 16177691
809, 16393961
810, 16428162
811, 16359085
812, 16827684
813, 16521956
814, 16727482
815, 16854988
816, 16957563
817, 16996808
818, 16351380
819, 16732344
820, 16244242
821, 16373936
822, 15948444
823, 16378075
824, 16723307
827, 16434885
830, 16540393
831, 16640912
832, 16629205
835, 16534034
836, 17175863
837, 17029771
838, 17265092
839, 16965010
840, 16290824
843, 16950968
844, 17262554
845, 17202562
846, 16925279
849, 17354611
850, 17592341
851, 17473917
852, 17032443
853, 16714673
856, 17026108
857, 17046299
858, 16981452
859, 17372305
860, 17071676
861, 17124653
862, 17669901
863, 17103262
864, 16958524
865, 17400849
866, 18209631
867, 17565049
868, 17616834
869, 18041010
870, 18195615
871, 17393042
872, 17709426
875, 18242559
876, 17451710
877, 17908992
878, 17401899
879, 17522808
880, 16991460
881, 17954672
885, 17536396
886, 17564772
887, 17838192
890, 17967833
891, 17625203
892, 17662788
893, 17922761
894, 18119759
895, 18251596
896, 18154890
897, 17852188
898, 18507455
899, 17445565
900, 17499211
901, 17722338
902, 18616197
903, 18339652
904, 17937221
905, 18303444
906, 18095525
907, 18301100
908, 18603901
909, 18238698
912, 18655001
915, 17936780
916, 19097924
919, 18842674
920, 19136332
921, 18964950
922, 18539720
923, 18816190
924, 18307980
925, 18734275
928, 14762151
929, 18621677
930, 19315530
931, 19216651
932, 19148952
933, 18931060
934, 18965974
935, 18605467
936, 18818081
937, 19299391
941, 18805968
944, 19410474
945, 19207530
946, 18196735
947, 19041577
948, 18809666
952, 18934869
955, 18768457
956, 19517655
957, 19626677
960, 19274060
961, 19260954
965, 19940283
966, 19760005
967, 19671204
968, 19129940
969, 19434209
970, 18776598
971, 19624740
972, 19382762
978, 19047585
979, 19400642
980, 19510594
983, 20108796
984, 19848812
985, 20009879
986, 20213884
987, 19528175
988, 20303674
989, 19849431
990, 20263171
997, 20029891
998, 20743879
999, 20729602
1000, 20204598
1001, 17553284
1002, 19571000
1003, 20473902
1004, 20199160
1005, 20726568
1006, 20052909
1007, 19880651
1008, 20528963
1014, 20657074
1015, 19686080
1016, 20335222
1017, 20292334
1018, 20297795
1019, 20499377
1022, 20469760
1023, 21135973
1024, 20806531
1025, 20388579
1026, 20582480
1027, 19936044
1028, 20252822
1029, 19434921
1030, 19894501
1033, 20831371
1034, 20759345
1035, 18384076
1036, 20489323
1037, 20727822
1038, 20804112
1039, 20767603
1040, 20515096
1041, 20727267
1042, 20506052
1043, 20565956
1044, 20767286
1045, 20383240
1046, 20400851
1049, 20678179
1050, 19453078
1051, 21110125
1052, 21515173
1053, 20547689
1054, 21377294
1055, 20080709
1056, 20623468
1057, 21060041
1058, 21236557
1059, 21030951
1062, 22016250
1063, 20934052
1064, 20965213
1067, 21882590
1068, 21878962
1069, 22003571
1070, 21488522
1071, 21814290
1072, 21229899
1073, 21264328
1074, 21125874
1075, 21589051
1076, 21174756
1077, 21563609
1078, 20256072
1079, 21501664
1080, 21514636
1081, 20504458
1082, 21206383
1083, 21712222
1084, 21824129
1085, 21116654
1086, 21889130
1087, 19147085
1090, 21219424
1091, 21092894
1092, 22135504
1093, 21033631
1094, 21754992
1095, 21475958
1096, 22154405
1099, 21537531
1102, 21505715
1103, 22125253
1106, 21990471
1107, 22122046
1108, 21514563
1112, 21920367
1113, 22053358
1114, 22379922
1115, 22373580
1116, 22244792
1117, 22015869
1118, 22172289
1119, 21419625
1120, 22202856
1121, 21227137
1122, 22509808
1123, 22277863
1124, 22532538
1127, 22356422
1128, 22341786
1133, 23252410
1134, 22355584
1135, 22859738
1136, 22801256
1137, 22663212
1140, 22749901
1141, 23072672
1142, 22424274
1143, 22409986
1144, 22158521
1145, 22457202
1146, 22590786
1149, 23154040
1150, 23032114
1151, 23692246
1152, 23323976
1153, 22815635
1154, 22718562
1155, 22591966
1156, 22450080
1157, 23106977
1158, 23341482
1159, 22575156
1160, 22642201
1161, 22993509
1162, 22474169
1163, 23186854
1164, 22800608
1165, 23815274
1166, 23607290
1167, 23213420
1172, 23891292
1173, 23461400
1174, 23304161
1175, 23725672
1176, 24252654
1177, 23207503
1178, 23372090
1181, 24017470
1182, 22196797
1183, 23571178
1184, 23830461
1185, 23562490
1186, 24035457
1187, 24126345
1188, 23878103
1191, 23811799
1192, 23405115
1195, 24526542
1196, 24266162
1197, 24130046
1198, 22830853
1199, 23842268
1200, 23691612
1201, 23760450
1202, 24026941
1203, 23979554
1204, 24475006
1205, 24420385
1206, 24530485
1207, 23946175
1208, 23740454
1209, 23990870
1212, 23995301
1213, 24459133
1216, 23595844
1217, 24692283
1222, 23521558
1223, 24791496
1224, 24497024
1225, 24344066
1226, 24871814
1227, 24383623
1228, 24839680
1229, 24319212
1230, 23765041
1231, 24468606
1232, 24898417
1233, 24481161
1234, 24735145
1235, 24916585
1238, 24623918
1239, 24686312
1240, 24837691
1241, 25314266
1242, 23836682
1243, 24856091
1244, 24489609
1245, 24799900
1246, 24784789
1247, 25030372
1248, 24811742
1249, 24501973
1250, 26040726
1251, 24054563
1252, 24737429
1253, 25293533
1257, 25030452
1258, 24244741
1259, 25383390
1260, 25796123
1261, 25479206
1262, 24327806
1263, 25657792
1264, 25309964
1265, 24751564
1266, 25332880
1267, 24773116
1268, 25182052
1269, 24932213
1270, 25027311
1273, 25169957
1274, 25298244
1275, 25566156
1276, 25826295
1277, 24970328
1278, 25984190
1279, 24959906
1280, 25484297
1281, 25347075
1282, 25335894
1283, 25779249
1286, 25063313
1289, 26177613
1290, 25694479
1291, 26081619
1292, 25632749
1293, 25997925
1294, 24913298
1295, 25399987
1298, 26191348
1299, 26691295
1300, 26560842
1303, 25844227
1304, 25514602
1305, 26243871
1306, 26859284
1307, 26431029
1308, 25354227
1309, 26276390
1310, 26018480
1311, 26290963
1314, 26279392
1315, 26449278
1318, 24833026
1319, 24580481
1320, 26238431
1321, 26678455
1322, 25399475
1327, 26301377
1328, 26190329
1329, 26765039
1330, 25781144
1331, 26967030
1334, 26796180
1335, 26875519
1336, 27173855
1337, 26513372
1338, 26786021
1339, 26816651
1340, 27064203
1343, 27100160
1344, 27715097
1345, 21885297
1346, 26263556
1347, 26155954
1348, 26659118
1349, 27274379
1350, 26750867
1351, 27887567
1356, 26936833
1357, 26955044
1358, 26493421
1359, 24402022
1360, 27600313
1361, 26445754
1362, 26797831
1366, 27361584
1367, 27543640
1368, 27175033
1369, 27044101
1370, 28111933
1373, 28190519
1374, 27593781
1375, 27927265
1376, 27367246
1377, 27333481
1378, 27287419
1379, 27570219
1380, 28275457
1381, 27231094
1382, 26498099
1383, 27281167
1384, 28284783
1385, 26038642
1386, 27780264
1387, 28071249
1388, 26827766
1389, 25126970
1390, 27649675
1391, 27560012
1392, 27222776
1393, 26752241
1394, 28075712
1395, 29044253
1396, 28945682
1397, 27875309
1398, 27922127
1401, 28364558
1402, 28030250
1403, 27257018
1404, 27044429
1405, 28051054
1406, 27766945
1407, 28098872
1408, 27643705
1409, 27926591
1410, 28198910
1413, 27886302
1414, 28085653
1415, 27566429
1416, 28592146
1417, 27687714
1421, 28159299
1424, 28230447
1427, 27071100
1430, 26798835
1431, 29079381
1432, 27094165
1433, 29020157
1434, 27652045
1435, 27738141
1436, 28602149
1437, 28740920
1438, 27736541
1441, 29144760
1442, 29165993
1443, 29471838
1444, 29379541
1447, 27461759
1448, 28490500
1449, 28737567
1452, 28462294
1453, 29183324
1456, 29479188
1457, 28995149
1458, 29920976
1459, 28751586
1460, 29540150
1461, 29763538
1462, 29614630
1463, 29224786
1464, 28899501
1465, 29466487
1466, 29729590
1467, 29386855
1468, 29129000
1469, 29642205
1470, 29080064
1471, 29648343
1472, 30375509
1473, 28919511
1474, 29151749
1475, 28566611
1476, 28873552
1477, 25791540
1478, 29059171
1479, 28913275
1480, 29829058
1481, 30078793
1482, 29619038
1483, 28030348
1484, 29322199
1485, 30000972
1486, 28947408
1487, 29269454
1488, 30072590
1489, 29164129
1490, 29384540
1491, 29323204
1492, 28650615
1498, 29313486
1499, 29150281
1502, 27933384
1505, 29093975
1506, 29681956
1507, 30513911
1508, 29676580
1509, 28715192
1510, 29791373
1511, 30428763
1512, 30604538
1513, 29396678
1514, 29377467
1515, 29957372
1516, 31201681
1517, 29627309
1518, 29395013
1519, 30065436
1520, 30055638
1521, 29139125
1522, 31377975
1523, 31247254
1524, 30144446
1525, 30310269
1526, 31141890
1527, 29899872
1528, 30670461
1529, 31169021
1530, 30126944
1531, 30554919
1532, 29923042
1533, 30344759
1534, 28185836
1535, 31897095
1536, 30896945
1537, 29888958
1538, 30643866
1539, 29364157
1540, 30445837
1541, 31015445
1544, 30394501
1545, 30807077
1546, 30647366
1547, 31119102
1550, 31486606
1551, 31380346
1552, 30861586
1553, 31790519
1554, 31669675
1555, 31093148
1556, 31462250
1557, 30496717
1558, 31337021
1559, 30426658
1560, 30812835
1561, 31478336
1562, 30295215
1565, 31354449
1566, 31380448
1567, 31229764
1568, 28249125
1569, 31704978
1570, 31117622
1571, 31736458
1572, 30529147
1575, 32730601
1576, 32073039
1577, 32142861
1578, 31294024
1579, 31771998
1580, 31860218
1581, 31685203
1582, 31876192
1583, 30983514
1584, 30827482
1585, 31791895
1586, 31879264
1587, 31973722
1588, 30857240
1589, 31725503
1590, 30779109
1591, 31557006
1592, 32261336
1593, 32153837
1594, 32699771
1595, 30309030
1596, 31516310
1600, 31514565
1601, 30798437
1602, 32175566
1603, 32080697
1604, 31311236
1605, 32393609
1606, 31370257
1607, 32054667
1608, 32431907
1614, 31978515
1615, 31942741
1616, 28921130
1619, 32646145
1620, 31160471
1623, 32647654
1630, 33099175
1633, 32823255
1634, 33489228
1637, 33057117
1638, 32050449
1639, 33604813
1640, 32233029
1641, 32582453
1644, 32403437
1645, 32915783
1646, 33100812
1647, 33854178
1648, 33432568
1649, 33769184
1650, 33451448
1651, 32283565
1654, 32828283
1655, 33416256
1658, 33149644
1659, 33572885
1660, 33007829
1661, 33255147
1662, 30886138
1663, 32144490
1664, 32889096
1665, 34251064
1669, 34659281
1670, 33016177
1671, 32701373
1672, 32690558
1675, 32989721
1676, 33548472
1677, 32945188
1678, 32325213
1681, 33573544
1682, 33783101
1683, 33185774
1684, 32903018
1687, 33799927
1688, 33618666
1695, 34252128
1696, 33688537
1697, 33394248
1698, 33568583
1699, 32995834
1700, 33288895
1701, 31423211
1702, 33697536
1703, 34019896
1704, 34625462
1705, 33402698
1706, 34621482
1707, 34273212
1708, 34529549
1709, 35397494
1710, 34022823
1711, 34474344
1712, 34452744
1716, 34403705
1721, 34030470
1722, 34736863
1723, 34943884
1724, 34417700
1725, 34262579
1726, 34328565
1727, 33950988
1728, 34442434
1729, 34619848
1730, 34168992
1735, 34731809
1736, 32431526
1737, 34765390
1740, 35601544
1741, 35157603
1742, 36177920
1743, 35423620
1744, 35737784
1747, 35269814
1748, 34841796
1751, 34090726
1752, 36475757
1753, 35150909
1754, 34566421
1755, 37156989
1756, 35150106
1757, 34768778
1758, 36046856
1759, 36180835
1760, 36080386
1761, 35853751
1762, 36468033
1763, 36734452
1764, 35789675
1765, 36040681
1766, 34917425
1767, 36351171
1768, 35099149
1771, 36109549
1772, 35573614
1773, 35940505
1776, 36037227
1777, 35887551
1778, 36040276
1779, 35001546
1782, 36442798
1783, 35973585
1786, 35799603
1787, 33749725
1788, 36247357
1792, 37635912
1793, 36344112
1796, 36588779
1797, 36848153
1798, 35459637
1799, 35042194
1800, 34987155
1801, 36865289
1802, 37064553
1803, 35555444
1804, 35561486
1805, 36132846
1806, 37431707
1807, 36090964
1811, 37031006
1812, 36920499
1815, 36578891
1816, 36692205
1817, 36080662
1818, 36644479
1819, 36222020
1820, 35995504
1821, 36772883
1822, 36291588
1823, 37676527
1824, 37628320
1825, 37609267
1826, 36744376
1827, 37306367
1828, 35907906
1829, 35959071
1830, 38363245
1831, 37843141
1832, 37790811
1833, 38084120
1834, 38042070
1835, 38173644
1836, 35696932
1837, 37974500
1838, 36621422
1839, 34523877
1840, 38943495
1841, 36751470
1842, 35353415
1843, 38459845
1846, 37105139
1847, 33351283
1848, 36925185
1849, 37416341
1850, 37748220
1851, 37083577
1852, 37253890
1853, 37938643
1854, 37701652
1855, 37742600
1856, 37630533
1857, 36759950
1858, 37251491
1859, 36259067
1860, 37896919
1861, 35877000
1862, 38392575
1863, 36860682
1864, 37517176
1865, 36855149
1866, 38187216
1867, 38489745
1868, 35373672
1869, 37527806
1870, 38725834
1871, 36289886
1872, 37845039
1873, 38899695
1874, 38474737
1875, 39093600
1876, 38126382
1877, 37706061
1878, 37767455
1879, 37590855
1880, 37766872
1881, 37929957
1882, 37744657
1883, 37882354
1884, 37842871
1885, 38037831
1888, 38486996
1889, 38499864
1890, 37858680
1891, 38594882
1892, 39510757
1893, 39765245
1894, 37941079
1895, 39377639
1896, 39628655
1899, 39073632
1902, 37605277
1903, 38690746
1904, 38113522
1905, 38228526
1906, 38316966
1907, 37201839
1910, 36881658
1913, 39453662
1914, 39002886
1915, 38765786
1916, 38771277
1917, 39529711
1918, 40257087
1919, 38285358
1920, 39225525
1921, 38708388
1922, 38541745
1923, 39446036
1924, 38076519
1925, 39543573
1926, 39320620
1927, 38887700
1928, 37921148
1929, 39922929
1930, 38620413
1933, 39731854
1934, 37684236
1935, 40073670
1936, 39660374
1937, 38649406
1938, 40026037
1941, 38834322
1942, 39515794
1943, 39401806
1944, 38881698
1945, 38248561
1946, 38972628
1947, 40323503
1948, 39977460
1949, 40279836
1953, 39192594
1956, 40300494
1957, 40657835
1961, 39980230
1962, 39229389
1967, 41087993
1970, 41481210
1971, 41027249
1972, 38560237
1973, 38686082
1974, 39697824
1975, 40646003
1976, 39495838
1977, 39841942
1978, 40255118
1979, 41868274
1980, 41045137
1981, 41740096
1982, 40310494
1987, 40062790
1988, 41712467
1989, 40813044
1990, 42152338
1991, 42631374
1992, 41405130
1995, 39528663
1996, 40930425
1997, 38930501
1998, 40622927
1999, 40284465
2000, 39785732
2001, 40908402
2004, 40296189
2005, 40713804
2006, 39733625
2007, 40349305
2008, 40325706
2009, 40363173
2010, 40798215
2011, 40345467
2012, 40076403
2013, 39750669
2014, 39981392
2015, 40059935
2016, 41175932
2019, 39812329
2020, 39657341
2021, 41186203
2022, 39911247
2023, 40649108
2026, 40656580
2027, 39681904
2031, 40185650
2032, 39290011
2033, 39895108
2036, 40993343
2037, 41369838
2038, 41604670
2039, 39542517
2040, 42469302
2041, 41774045
2042, 41106739
2043, 40583884
2046, 41763475
2047, 39257705
2048, 41653382
2049, 40052029
2050, 40448489
2051, 40971190
2052, 42574890
2053, 42526741
2054, 42449371
2055, 40388304
2056, 41646335
2057, 41743479
2058, 40762631
2059, 40816797
2062, 41091823
2063, 41773005
2064, 42213954
2065, 40538164
2068, 41514960
2069, 41774723
2070, 41851095
2075, 41473545
2076, 41481574
2079, 41618366
2080, 41276780
2081, 40939210
2082, 41575652
2083, 41588703
2084, 42309438
2085, 40491976
2086, 39918387
2089, 41040634
2090, 40825621
2091, 41279974
2092, 41158940
2093, 40273323
2094, 42385746
2097, 44137084
2098, 41730564
2099, 43202397
2100, 41818263
2101, 43005139
2102, 39926497
2103, 41642997
2104, 42504261
2105, 41631992
2106, 42631768
2109, 41656742
2112, 42675331
2113, 40972552
2114, 42014679
2115, 44110480
2118, 42021833
2119, 43806671
2120, 43516569
2126, 43420812
2127, 42594103
2130, 43654348
2131, 43381516
2132, 42678063
2133, 43001595
2134, 42638365
2139, 42942967
2140, 44606852
2141, 40949956
2142, 41621515
2143, 42655606
2144, 44131895
2147, 43926341
2148, 41877110
2149, 43571733
2150, 42932494
2151, 43597573
2152, 42395467
2153, 44207062
2157, 43359123
2158, 43804296
2159, 42733844
2160, 44021341
2161, 42623702
2162, 43383519
2163, 44026894
2164, 43144163
2167, 43797141
2168, 40116981
2169, 44340167
2170, 43371086
2171, 43950941
2172, 43913273
2175, 42623079
2178, 43405751
2179, 42986037
2180, 44294693
2181, 43922491
2182, 44146549
2185, 41874942
2186, 42894599
2187, 42896344
2188, 42631231
2189, 43249434
2190, 42898263
2191, 43232904
2192, 43762113
2193, 43645621
2196, 42474431
2199, 44008971
2200, 42398088
2203, 44727376
2204, 43138207
2205, 39736763
2206, 44126739
2211, 43740970
2212, 42723852
2213, 43716374
2214, 43261694
2215, 44358387
2216, 44068803
2217, 44054763
2218, 45258317
2219, 45357941
2220, 43804705
2221, 43760246
2222, 44775390
2223, 43285041
2224, 44155492
2225, 44181182
2226, 42689373
2229, 43032905
2230, 44591008
2231, 44731720
2232, 43713945
2233, 43934615
2234, 44561376
2235, 44323178
2236, 43917042
2237, 45479295
2238, 44827220
2239, 44765133
2242, 43168555
2243, 44129035
2244, 45148589
2245, 42131437
2248, 45840314
2249, 44681537
2250, 45294697
2254, 44742225
2255, 44682605
2256, 45565296
2257, 44680703
2258, 46272864
2259, 45381280
2262, 46102396
2265, 44586800
2268, 44347495
2269, 44954543
2270, 43729355
2271, 46304101
2272, 43554615
2273, 47102463
2274, 44141248
2280, 45767776
2281, 45521997
2282, 46452343
2283, 44157622
2284, 43997719
2285, 44017575
2286, 46339295
2287, 46272467
2288, 44962630
2289, 46355005
2290, 45561080
2291, 45451337
2292, 46588282
2295, 46298958
2296, 46364125
2299, 45508225
2300, 45190146
2304, 46252014
2305, 45913930
2310, 47050819
2311, 45526132
2312, 46742929
2313, 45795266
2314, 42703919
2315, 44864946
2318, 44121563
2319, 47277890
2320, 47716397
2321, 46904853
2327, 45798115
2328, 46012991
2331, 45030495
2332, 46974628
2333, 46830242
2334, 47206957
2335, 46634493
2336, 45374343
2339, 47081186
2342, 46930630
2345, 46087609
2346, 46560939
2347, 46392402
2348, 46090002
2349, 47669189
2352, 47715818
2353, 45283891
2354, 47260605
2355, 46991377
2356, 47871060
2357, 47160245
2358, 47444991
2359, 47017761
2360, 46988271
2363, 47765147
2366, 48165432
2367, 48024154
2374, 46118366
2375, 47238968
2379, 46583454
2380, 47520097
2381, 47851923
2382, 47189667
2383, 47906848
2384, 48273170
2385, 47752842
2386, 47236235
2387, 47543502
2391, 47212847
2392, 47577862
2393, 48090580
2394, 48636041
2395, 47629053
2398, 44382334
2401, 47362695
2402, 44783994
2403, 47757441
2404, 47235801
2405, 47819244
2406, 47287235
2407, 48309539
2408, 47914953
2409, 48913995
2410, 47517038
2411, 47533887
2412, 47852994
2413, 47351886
2414, 48366248
2415, 48907329
2416, 47353959
2417, 46995366
2418, 49381002
2419, 48328444
2420, 48866873
2421, 48266750
2422, 48339338
2423, 48552856
2424, 47900942
2427, 46480125
2428, 48723644
2431, 47632640
2432, 48792959
2433, 49231125
2434, 49972877
2435, 48447327
2436, 48873618
2437, 48528070
2438, 49224380
2439, 48009197
2440, 49362993
2441, 48536867
2442, 48504056
2443, 48100047
2444, 44763920
2451, 50411953
2452, 49282813
2453, 47624369
2454, 49079972
2457, 49936946
2460, 47488916
2461, 48748217
2468, 50308865
2469, 48683588
2470, 49577798
2471, 48850864
2472, 50027560
2473, 50106129
2474, 49111452
2475, 48341039
2476, 49626000
2477, 48702476
2478, 48991053
2479, 48064409
2480, 50066227
2481, 50587523
2482, 45374364
2483, 49761858
2484, 46714538
2485, 48333301
2486, 49487634
2487, 49754831
2488, 49844549
2491, 49923732
2496, 51755385
2497, 49142003
2498, 50076685
2499, 49052421
2500, 48425605
2503, 48861515
2504, 50149571
2505, 48739689
2506, 49728013
2509, 50430361
2514, 50162032
2515, 48447262
2518, 49851621
2519, 51421269
2520, 51236087
2521, 47506133
2522, 50521192
2523, 50259823
2524, 49699820
2525, 50445267
2526, 49896017
2527, 49321606
2528, 51269285
2529, 50041240
2530, 50007643
2531, 49856995
2534, 49577197
2535, 51896694
2536, 49193836
2537, 50642136
2538, 50965970
2539, 50507626
2540, 49624072
2541, 49507693
2542, 47673773
2543, 51422026
2544, 50300876
2547, 51367023
2548, 51415462
2549, 48715412
2550, 49192352
2551, 50349448
2552, 49445620
2553, 51425039
2554, 50320472
2555, 51339558
2556, 49410164
2557, 50627623
2558, 51212878
2559, 49540634
2560, 49765953
2561, 52685986
2562, 50875088
2563, 50794150
2564, 49528322
2565, 49917320
2566, 51498176
2569, 52649578
2570, 52199880
2571, 50673409
2572, 50514775
2573, 50941502
2574, 50834535
2575, 50608464
2576, 52226745
2577, 52437531
2578, 50822362
2581, 51281510
2582, 50656456
2583, 49891481
2584, 52367155
2585, 50385474
2586, 52039633
2589, 49067194
2590, 48139371
2591, 50828138
2598, 53134272
2601, 51543784
2604, 52583512
2605, 52671908
2606, 51030862
2607, 50749053
2608, 53799899
2609, 52285263
2610, 49720216
2615, 52294508
2616, 50176503
2617, 52072075
2618, 51890894
2619, 52129831
2620, 53179447
2621, 52832549
2622, 51530778
2623, 52803263
2624, 53486029
2625, 53631179
2628, 52982289
2631, 53292606
2632, 50666426
2633, 52299965
2634, 52033985
2635, 52306431
2636, 49438498
2637, 52980000
2638, 52591290
2639, 53542422
2640, 52551162
2641, 47018850
2642, 53313038
2643, 52504428
2644, 53108164
2647, 54229094
2648, 52397790
2649, 52525201
2650, 52493662
2651, 53249626
2652, 51736240
2653, 53125440
2654, 52269497
2657, 51834596
2658, 53313646
2659, 50750530
2660, 53853849
2661, 52761586
2662, 53139927
2663, 52900897
2664, 52955396
2665, 51618037
2666, 52043306
2667, 52143001
2668, 52711525
2673, 54203708
2674, 52609901
2677, 52241491
2678, 53482029
2679, 53733452
2682, 52261720
2683, 53011896
2686, 55118314
2687, 52865073
2688, 54150052
2691, 54298689
2692, 55577524
2693, 53844035
2694, 51256527
2695, 54474853
2698, 53306753
2702, 54026449
2703, 52188530
2704, 51197245
2705, 56207391
2706, 53512842
2709, 54131264
2710, 52262429
2713, 52299256
2714, 54748330
2715, 53071822
2716, 53928087
2717, 53498841
2718, 53864469
2719, 54142648
2720, 54416914
2721, 54206233
2722, 53534094
2723, 55249102
2724, 54550631
2725, 53024807
2726, 53991802
2730, 55434836
2731, 54917211
2732, 56070513
2733, 55511703
2734, 52596622
2737, 55955611
2738, 54175706
2739, 55523550
2740, 55334148
2744, 55063185
2745, 53481753
2746, 53582993
2747, 53378677
2748, 54404098
2749, 56970363
2750, 55687369
2751, 55840530
2752, 54267028
2753, 53828897
2754, 55633655
2755, 54862690
2756, 49951785
2757, 54662155
2758, 55105934
2759, 55949484
2760, 52538387
2761, 54006714
2762, 53780471
2763, 54474598
2764, 53291494
2765, 54851920
2766, 55187419
2767, 54435811
2768, 54760534
2771, 53853059
2772, 56263913
2773, 54586148
2777, 56503039
2778, 56299561
2779, 53478448
2780, 57332087
2781, 57710124
2782, 55485406
2783, 56324006
2784, 55583820
2785, 56062917
2786, 52739938
2787, 55666735
2788, 52643304
2793, 55412875
2794, 55851993
2795, 56277795
2798, 53376987
2801, 47361878
2802, 53935659
2803, 56674444
2804, 55617680
2805, 55858015
2806, 55332819
2807, 57700780
2808, 54690890
2809, 55570547
2810, 51744366
2811, 54945133
2814, 55453423
2815, 56701542
2816, 54877118
2817, 56387121
2818, 56882437
2819, 57714516
2820, 56046903
2821, 55898196
2822, 56505580
2823, 55607872
2826, 57460762
2827, 56768048
2830, 55893511
2831, 56716015
2832, 57710387
2833, 55975253
2834, 57155299
2835, 56562408
2836, 55153538
2837, 54325902
2838, 56713023
2839, 56545108
2845, 57646155
2846, 59159525
2847, 58148542
2848, 56787838
2849, 57803677
2850, 57434506
2851, 56082226
2855, 58351608
2856, 57479201
2857, 56957876
2858, 55136506
2859, 56945963
2860, 57377882
2861, 57008193
2862, 56425966
2866, 58021846
2867, 57187998
2868, 57708071
2869, 57770080
2872, 58214149
2873, 57145215
2874, 54519073
2875, 57174926
2876, 57140029
2877, 56914654
2878, 56297845
2881, 57878297
2882, 56766232
2883, 57520016
2884, 56908260
2885, 56818382
2886, 58238070
2887, 56970809
2888, 58377354
2889, 58240185
2890, 56863796
2891, 58286558
2892, 59223615
2893, 55442265
2894, 58790779
2895, 57491595
2896, 58052944
2897, 56611056
2900, 57355727
2905, 58291919
2906, 56481648
2907, 58843411
2908, 59012911
2909, 57291674
2910, 57495901
2911, 59151302
2912, 56179672
2913, 58326558
2914, 58657402
2917, 59584377
2920, 58623874
2921, 58489741
2922, 60354005
2923, 59474020
2924, 58531771
2925, 59142585
2926, 59690858
2929, 53679898
2930, 60144344
2931, 58523486
2938, 58204330
2939, 59196064
2940, 57896323
2941, 56854298
2942, 56943784
2943, 59286482
2944, 60089295
2945, 59423834
2946, 58573191
2947, 59102921
2948, 58061994
2949, 53756105
2950, 56356881
2951, 58593677
2952, 59287909
2953, 58959145
2954, 58908231
2957, 59496296
2958, 57227220
2959, 58375199
2960, 59018884
2961, 60341268
2962, 61142781
2963, 59260484
2964, 57870103
2965, 59325184
2966, 58303975
2967, 58507117
2968, 59591003
2971, 59527071
2972, 60154487
2973, 59980608
2974, 59248678
2975, 60072742
2976, 59324012
2977, 59574538
2978, 56867165
2979, 60818211
2980, 59494511
2981, 58130393
2982, 59468506
2983, 58813991
2984, 59444029
2985, 59053998
2986, 59790786
2987, 61242995
2988, 59642621
2989, 58678740
2990, 58250078
2991, 58696299
2992, 59301160
2993, 59012012
2994, 59786810
2995, 60359875
2996, 61122758
2999, 56519843
3002, 59524211
3003, 59226646
3004, 61928084
3005, 57148593
3009, 60238355
3010, 61003306
3011, 57973422
3012, 59527779
3013, 61381449
3014, 60166447
3015, 57759185
3016, 59940176
3017, 60372831
3018, 59068162
3019, 59561959
3020, 60137631
3021, 59337730
3022, 60198252
3023, 60542074
3024, 61363166
3025, 60934608
3026, 57671895
3027, 60242275
3028, 59193047
3029, 59256126
3030, 60421474
3031, 59948703
3034, 61203467
3035, 61313428
3036, 58183448
3037, 62148090
3040, 59749978
3041, 61799454
3042, 57478867
3043, 61673113
3044, 61254663
3045, 58853609
3046, 60262477
3047, 60272227
3048, 61690029
3049, 61072931
3050, 60831533
3051, 57594674
3052, 58975649
3053, 61384459
3054, 62213385
3055, 63214978
3056, 60909224
3057, 60275311
3058, 59972503
3061, 62636112
3062, 61097301
3063, 59368234
3066, 60695724
3067, 57512323
3068, 61374625
3069, 59149921
3070, 62154667
3071, 58085510
3072, 61110809
3073, 62716709
3074, 57631793
3075, 60812919
3076, 59130608
3077, 62408307
3078, 55619879
3079, 59617275
3080, 60356339
3083, 62753098
3084, 62424566
3085, 56924257
3086, 59871483
3087, 61610350
3088, 62380493
3095, 59307673
3096, 59171055
3097, 61331008
3098, 59636188
3099, 60374703
3100, 61637916
3101, 62182379
3106, 62987417
3107, 63350028
3110, 61029569
3111, 62912286
3112, 63548300
3113, 61107887
3116, 59981718
3117, 60169164
3118, 60943127
3119, 61020180
3120, 62759258
3121, 63174449
3122, 62092674
3123, 60941863
3124, 63435984
3125, 63437853
3126, 62697827
3129, 61191724
3130, 62233651
3131, 62468967
3132, 59622506
3133, 62035316
3134, 62214376
