5, 108831
7, 156002
9, 213529
11, 244346
13, 282615
15, 331902
17, 367432
5, 114725
7, 148365
9, 211918
11, 251503
13, 320667
15, 327064
17, 371202
19, 404654
21, 440583
27, 512093
29, 615775
31, 674621
37, 795682
39, 839992
41, 848853
43, 920978
45, 952247
47, 1033554
53, 1124460
55, 1193218
57, 1215711
59, 1269520
61, 1315250
63, 1350604
65, 1386103
71, 1513152
77, 1665009
79, 1698950
81, 1746150
83, 1793507
89, 1784867
91, 1980460
93, 1966826
95, 2019312
97, 2061885
99, 2074714
101, 2125527
103, 2220624
109, 2337248
111, 2415365
113, 2395326
115, 2365013
117, 2499275
119, 2500935
121, 2615937
135, 2815591
137, 2837603
139, 2877184
141, 2975764
143, 3070267
145, 2959701
147, 2667404
149, 3114608
151, 3316839
153, 3237279
155, 3332253
157, 3402869
159, 3213018
161, 3415705
163, 3468510
165, 3480246
167, 3568540
169, 3434942
171, 3647364
173, 3675400
175, 3562132
177, 3597907
179, 3639436
181, 3885203
183, 3920360
185, 3873903
191, 4020459
193, 4259434
195, 4187680
197, 4052507
199, 4293282
207, 4321351
213, 4510796
219, 4608510
221, 4545691
223, 4787720
225, 4820733
227, 4656538
229, 4838794
231, 5026245
233, 4878845
235, 4952295
237, 5179956
239, 5115164
241, 4823865
243, 5296964
253, 5331989
255, 5410188
257, 5493184
259, 5492028
261, 5534447
263, 5445114
269, 5780409
271, 5856705
273, 5664788
275, 6084583
277, 5846484
279, 5446652
281, 6103366
283, 6118239
285, 6082221
287, 6029697
293, 6008088
295, 6199870
297, 6249519
299, 6422042
301, 6347429
303, 6429115
305, 6450830
307, 6530426
309, 6567553
311, 6432442
313, 6600799
315, 6480317
317, 6747762
319, 6539818
325, 6755761
327, 6810556
329, 7017954
331, 7100077
333, 6959816
335, 6709107
337, 7149362
339, 6901999
341, 7320083
347, 7331482
349, 7485312
351, 7287511
353, 7115320
355, 7229277
357, 7476427
365, 7907637
367, 7757075
369, 7718174
371, 7895368
373, 7404423
379, 7984851
381, 7989458
383, 7975761
385, 8128516
387, 8343362
389, 8297341
391, 8129409
393, 8342499
395, 8254714
397, 8299634
399, 8506247
409, 9097059
419, 8731216
421, 8696188
423, 8995250
425, 9018324
427, 9091276
429, 9190639
431, 9099859
433, 9243229
435, 9112762
449, 9393947
451, 9558817
453, 9559876
455, 9627100
457, 9533180
459, 9955328
461, 9711668
463, 9346516
465, 9863892
467, 10035927
469, 9936066
471, 10073534
473, 10176035
475, 9987771
477, 10026114
479, 9611475
485, 10178820
487, 10490307
489, 10237267
491, 10548954
493, 10635458
499, 10312300
501, 10908327
503, 10550863
505, 10670670
511, 10630019
513, 10929507
515, 10937340
517, 10995561
523, 10941434
525, 10985693
527, 9636275
529, 11009140
531, 11177450
533, 10752691
535, 11215456
537, 11455708
539, 11696490
541, 11632873
543, 11398431
549, 11443760
551, 11610829
553, 11391257
555, 10969634
557, 11514211
563, 11991564
565, 11893429
567, 11625997
569, 12016575
571, 12254213
573, 11976749
575, 12249509
581, 12061251
583, 11792722
585, 12424247
587, 12502854
589, 12807155
591, 12592408
593, 12113335
595, 12833242
597, 12728845
599, 12386910
601, 12912849
603, 12838063
605, 12311270
607, 12904033
609, 12979523
611, 12755002
613, 13248567
615, 12690469
617, 13131279
619, 13194274
621, 13097190
623, 13079346
625, 13355369
631, 12876799
633, 11672980
635, 13755819
637, 13273385
639, 13748958
641, 13454760
643, 13575744
645, 13472619
647, 13637810
649, 13812900
651, 13847425
653, 14015787
655, 14003963
657, 14212885
667, 14244795
673, 14015400
675, 14359451
677, 13907993
679, 14318509
681, 14259274
683, 14451171
691, 14745554
693, 14296408
695, 14637683
697, 14612266
699, 14692059
701, 15059268
703, 14660574
705, 14994494
707, 14785642
709, 14588118
711, 15372726
713, 15351345
719, 15468554
721, 15265025
723, 15214388
725, 15121497
727, 15137175
729, 15392522
731, 14098743
733, 15621765
739, 15667260
741, 15448974
751, 15894525
753, 15832106
755, 16126259
757, 16038007
759, 15922009
761, 16154585
763, 15858366
765, 16274951
767, 16133129
769, 15765451
775, 16396332
777, 16722208
783, 16930135
785, 16577381
787, 16914605
789, 16793482
791, 16407185
793, 16841962
795, 16950219
797, 17061141
799, 17388517
801, 17051498
803, 17257811
805, 17358343
807, 17016835
809, 16687209
811, 17235313
813, 16888508
815, 17383027
817, 17252921
819, 16815549
827, 17370197
829, 17433652
831, 17445524
833, 17610287
835, 17321786
837, 17915451
839, 18112884
841, 17604253
843, 18015402
849, 18141171
851, 17366358
853, 17941416
855, 17958700
857, 17757196
863, 18530102
869, 18333322
871, 17881692
873, 18464817
875, 18605080
877, 18203124
879, 17832486
881, 18607648
883, 17475413
889, 18983402
891, 18697808
893, 18943648
895, 18925306
897, 18787294
899, 18600751
901, 19235550
903, 19611783
905, 19188917
907, 19000075
909, 18468634
911, 18638072
913, 19234143
915, 19093724
917, 19690080
919, 19253612
921, 19744422
923, 19231980
931, 19198282
933, 19819862
935, 20057448
937, 19156048
939, 20332023
941, 19822947
943, 19775024
945, 19990938
947, 19164217
949, 20171143
951, 20018826
953, 19950847
955, 20403404
963, 20602318
965, 20282652
967, 20678494
969, 20882852
971, 20343340
973, 20317305
975, 20713330
977, 20924013
979, 20639115
981, 20703040
983, 20648915
985, 20894073
991, 19962797
993, 20527308
995, 21437085
997, 20253158
999, 20730246
1005, 21352805
1007, 21597910
1009, 21419757
1011, 21089281
1013, 21183626
1015, 21804451
1017, 20983697
1019, 21337246
1021, 22178430
1023, 21857688
1025, 22592869
1031, 21952333
1033, 21759155
1035, 22199239
1037, 22708892
1039, 22402310
1041, 21620763
1043, 22829262
1045, 22597352
1047, 22789745
1049, 21261186
1051, 22051396
1053, 22599324
1055, 22601220
1057, 22136736
1063, 22446870
1065, 22486324
1077, 22961786
1083, 22776234
1085, 22410465
1095, 23804514
1097, 23651359
1099, 24496148
1101, 23849670
1103, 23679690
1119, 24160972
1125, 24212114
1127, 24196254
1129, 23419110
1131, 24685683
1133, 22241846
1135, 23361170
1137, 24127971
1139, 23968995
1141, 23934339
1147, 24517723
1149, 24818424
1151, 24735791
1153, 25171878
1155, 24354140
1157, 24736972
1159, 24753035
1161, 25519876
1163, 25174736
1165, 23448443
1167, 24981205
1169, 24383481
1171, 24699276
1173, 25277437
1175, 23500317
1177, 25142094
1179, 25669641
1181, 25346646
1183, 24854251
1185, 25479737
1187, 25025714
1189, 25194638
1195, 25487122
1197, 26112487
1199, 25735912
1201, 26055275
1203, 26111593
1205, 26107565
1207, 25706890
1209, 24106642
1211, 26266089
1213, 26079701
1215, 26662535
1217, 25493450
1219, 25742790
1221, 25574594
1223, 26536002
1233, 26748917
1235, 27022362
1237, 22581350
1239, 26912449
1241, 26993149
1253, 27251293
1255, 25278517
1257, 26567749
1259, 26920074
1261, 26763840
1263, 26792544
1265, 27564473
1267, 26955582
1273, 26976123
1275, 27150207
1281, 27172002
1283, 27043911
1293, 28104461
1299, 26719269
1301, 28064808
1303, 24642471
1305, 27914930
1307, 27663200
1309, 28404073
1311, 28091360
1313, 27789687
1315, 28010780
1321, 27934228
1323, 28770432
1329, 27776272
1331, 28790150
1333, 29036970
1335, 28227211
1337, 29022680
1339, 27624658
1341, 28592289
1343, 28419282
1349, 28142511
1351, 26928917
1353, 28657033
1355, 28467467
1357, 29307873
1359, 29194904
1361, 28723448
1363, 29118671
1369, 28803273
1371, 29651543
1373, 29287325
1375, 29346515
1377, 28234416
1387, 27905726
1389, 29665314
1391, 29059074
1393, 28742060
1407, 28575051
1409, 29565168
1411, 29579176
1413, 30266889
1419, 30368178
1421, 30285436
1423, 29166960
1429, 30565433
1431, 33588150
1433, 30713973
1435, 30103694
1437, 30898742
1439, 30473047
1441, 30857464
1443, 30392482
1445, 31031654
1447, 30894713
1449, 30525405
1451, 31668453
1453, 29390949
1459, 30630138
1467, 31950566
1469, 32060838
1471, 31851767
1477, 31936019
1479, 31350228
1481, 31799489
1483, 31700564
1485, 30430804
1487, 31512691
1493, 31737761
1495, 31731379
1497, 31819867
1499, 33017945
1501, 32513796
1503, 33039193
1505, 32306555
1507, 31663666
1509, 32327754
1511, 31572628
1513, 31772293
1515, 32587656
1517, 31407743
1519, 33350067
1521, 32862976
1523, 32227018
1525, 33075524
1527, 32346325
1529, 32769116
1537, 33009450
1543, 32564252
1545, 32112690
1547, 33895803
1549, 32472286
1555, 32294899
1557, 34456524
1559, 32792814
1561, 34191570
1563, 34030773
1565, 33560667
1567, 33103214
1569, 34009926
1571, 34283584
1573, 33945113
1575, 32937969
1577, 34196859
1579, 33045913
1581, 34592184
1583, 34019956
1589, 31801199
1595, 34302472
1603, 33597269
1605, 34397731
1607, 35608580
1609, 34564417
1611, 32970549
1613, 35063506
1615, 34703924
1617, 33700486
1619, 34583563
1621, 33796723
1627, 34734984
1633, 33958402
1639, 33819046
1641, 35797579
1643, 34253280
1649, 34657664
1651, 35159521
1653, 35148573
1655, 34440513
1661, 35650116
1663, 35928459
1665, 36256585
1667, 36234202
1669, 36005889
1671, 34985167
1673, 34975718
1675, 35767456
1677, 35179535
1679, 35758918
1681, 36604484
1683, 35860428
1685, 35606561
1687, 35755169
1689, 36144788
1691, 36534514
1693, 36126843
1695, 36201715
1697, 36696951
1699, 35998947
1701, 37027180
1703, 35881434
1709, 36221666
1711, 36010450
1713, 36630328
1715, 36584150
1717, 36855258
1719, 36937510
1721, 36726814
1723, 38273199
1725, 37014791
1727, 38331376
1729, 37380848
1731, 38011665
1733, 38155857
1735, 38256734
1737, 36656258
1739, 37219407
1741, 36678901
1743, 36964673
1745, 36834395
1751, 37355931
1753, 37583319
1755, 37367174
1757, 36447435
1759, 37389360
1761, 38467385
1767, 37680607
1773, 37146927
1775, 37533628
1777, 36116790
1779, 37655512
1789, 38298873
1791, 38088235
1793, 36619196
1795, 38595340
1797, 37643927
1799, 38352663
1801, 34314100
1803, 38509537
1805, 38531447
1811, 39368752
1813, 36832204
1815, 39020470
1817, 38219783
1819, 38406746
1821, 39108033
1823, 39757526
1825, 40267750
1827, 38798641
1829, 39637071
1831, 39204786
1833, 38741359
1841, 38056593
1847, 39877325
1849, 39812607
1851, 39406447
1853, 38490903
1855, 39703710
1857, 39429975
1859, 39337536
1869, 39838722
1871, 40248298
1873, 40106733
1875, 40912782
1877, 40328519
1879, 39164500
1881, 39877879
1883, 39224245
1885, 40526464
1887, 38061774
1893, 39127263
1895, 38431449
1897, 40342773
1899, 40380463
1901, 40653950
1903, 40233315
1905, 40120512
1907, 40915722
1917, 41357434
1919, 40502920
1921, 40675795
1931, 40587282
1933, 41956119
1935, 41928481
1937, 40855144
1939, 41886717
1941, 41572659
1943, 38569536
1945, 41664249
1947, 41270517
1949, 41348976
1951, 41402000
1953, 42700679
1959, 42372792
1965, 41280571
1967, 40534634
1969, 42828284
1971, 42359894
1973, 42800875
1975, 41673689
1983, 41515497
1985, 42284421
1987, 43556295
1989, 41979832
1991, 43881070
1993, 43077572
1995, 41717859
2001, 41972894
2003, 43565312
2005, 42721303
2011, 42407986
2013, 42812134
2019, 43241271
2021, 41085113
2023, 42047711
2025, 44364890
2027, 38452378
2033, 43804045
2035, 43348241
2037, 43452077
2039, 43780010
2041, 42857395
2043, 42012724
2045, 43059634
2051, 42033548
2053, 43541374
2055, 44151724
2057, 43572950
2059, 43082300
2061, 38405481
2067, 40283809
2069, 43417211
2071, 44085550
2073, 44448630
2075, 43863216
2077, 43819041
2079, 44269023
2081, 44789044
2083, 42482374
2085, 43902158
2087, 45704660
2089, 45313816
2091, 42892164
2093, 40081629
2095, 45336458
2097, 45946738
2099, 45459975
2101, 44500310
2103, 44324332
2105, 43681000
2107, 44219416
2109, 41272224
2111, 44785117
2117, 45561171
2119, 44619350
2121, 45580480
2123, 46351270
2125, 45322097
2127, 45843858
2129, 45145399
2131, 45944115
2133, 46011736
2135, 43810801
2137, 43289114
2139, 45598830
2141, 46336753
2151, 46425024
2153, 44911219
2155, 45313027
2157, 45795853
2159, 47265423
2161, 46405938
2163, 46179410
2165, 46438165
2171, 46537726
2177, 46905858
2187, 46206564
2189, 47682000
2191, 46026038
2193, 46451945
2195, 46068467
2201, 47526886
2203, 45526666
2205, 47666303
2207, 47054917
2209, 47618150
2215, 46347254
2217, 46455728
2219, 48035560
2221, 46988633
2223, 46944185
2225, 44247644
2227, 48026947
2233, 45324705
2235, 46311983
2243, 48782058
2245, 49055102
2247, 48517805
2249, 48580821
2251, 47661178
2253, 47732303
2255, 48456940
2261, 48244862
2263, 48445374
2265, 47686124
2267, 48523412
2269, 47488875
2271, 48195994
2273, 49522271
2275, 48427044
2277, 48674685
2279, 47732206
2281, 48672518
2287, 48944604
2289, 48389682
2291, 48804270
2293, 49877378
2299, 47356336
2301, 46154166
2303, 48945142
2309, 46111417
2311, 49712109
2313, 49583375
2315, 48465700
2317, 49724772
2319, 47797757
2321, 50089083
2323, 47855965
2325, 48611360
2327, 49684641
2329, 48413887
2331, 49274445
2339, 49540828
2341, 49054330
2343, 50286814
2345, 49336131
2347, 51589937
2349, 51242172
2355, 50276223
2365, 51523416
2367, 51025284
2369, 50982796
2371, 51498058
2373, 50795829
2375, 52119071
2377, 51920106
2379, 51050845
2381, 51018221
2383, 50039988
2385, 51771005
2387, 52497360
2389, 52745818
2391, 50693846
2393, 52319613
2395, 51352125
2397, 52972745
2399, 52221522
2401, 51099567
2403, 51642592
2405, 51810223
2407, 53270712
2413, 51629731
2415, 51851924
2417, 51953768
2419, 54139993
2421, 52181239
2423, 51915230
2429, 53134571
2431, 48540585
2433, 53977082
2443, 52566087
2445, 53899688
2447, 52797179
2449, 54175687
2451, 54718111
2453, 53662049
2455, 53265424
2457, 54135282
2459, 53474428
2461, 54062674
2467, 54775009
2469, 52880282
2471, 50522059
2473, 52983483
2475, 53357924
2477, 52687486
2479, 54224038
2481, 52302244
2483, 55117540
2485, 52424900
2487, 48211241
2493, 55449180
2495, 55612919
2497, 55067920
2499, 53190616
2501, 55137865
2503, 53858146
2505, 52090909
2507, 54515149
2509, 53448801
2511, 55731102
2513, 55390166
2515, 54004808
2525, 52736377
2527, 55233615
2529, 55734678
2531, 54483094
2537, 55082317
2539, 55295940
2541, 57080547
2547, 55276832
2549, 56429014
2551, 57254052
2553, 54010731
2555, 56056322
2557, 54797299
2559, 54710821
2561, 56266384
2567, 55101539
2569, 54737243
2571, 57653274
2573, 54747845
2575, 55529332
2581, 54996935
2583, 56705083
2585, 57203431
2587, 55677998
2589, 58110716
2591, 56915609
2593, 56192774
2595, 54734213
2601, 56433684
2603, 57458109
2609, 56120689
2611, 56406295
2613, 55558348
2615, 54182190
2621, 57109898
2623, 56119449
2625, 55610165
2627, 56219597
2629, 58143475
2631, 59067412
2637, 54649448
2639, 59341993
2641, 57844856
2643, 54125047
2645, 56606449
2647, 57107887
2649, 56777838
2651, 56952721
2653, 57223016
2655, 55333422
2657, 57910272
2659, 58741650
2661, 59052523
2667, 59375379
2669, 59110311
2671, 55936932
2673, 55477024
2675, 57774704
2677, 56090511
2683, 58063644
2685, 57561092
2687, 59252044
2689, 56469935
2691, 57939123
2701, 60311424
2703, 58368435
2705, 61071929
2707, 58868399
2709, 57079384
2711, 52316249
2713, 57927523
2715, 58706687
2717, 58220063
2719, 57173696
2721, 57827569
2723, 57053565
2725, 58284770
2727, 57747506
2733, 57966532
2735, 59912094
2737, 57689246
2739, 59070503
2741, 58391704
2743, 55406184
2745, 59369650
2747, 56351419
2749, 59390039
2751, 58644042
2753, 60135115
2755, 60124070
2757, 60847119
2759, 60491621
2761, 56793840
2763, 59592653
2769, 59856604
2771, 59906158
2773, 58293229
2775, 59856008
2777, 61755512
2779, 59595776
2785, 57575623
2791, 59757929
2797, 57018916
2799, 57831590
2801, 60013522
2803, 60658690
2805, 59386744
2811, 60294018
2813, 53876494
2815, 57711427
2817, 59073933
2823, 61046975
2825, 59766607
2827, 61553065
2829, 60493184
2831, 57308709
2833, 59698712
2835, 60964040
2837, 60540916
2839, 60018171
2845, 58665629
2847, 60689130
2855, 61780835
2857, 55402225
2859, 60509475
2861, 62109920
2863, 60620775
2865, 62455280
2867, 60792459
2869, 62683450
2871, 62430173
2873, 60953721
2875, 54094935
2877, 62131510
2879, 61668914
2881, 58131501
2883, 59272856
2885, 62746957
2887, 61690509
2889, 62285662
2891, 61784751
2893, 59228208
2895, 61401614
2897, 63120237
2899, 60912824
2901, 59879846
2907, 61598097
2909, 61931718
2911, 60605338
2913, 62953286
2915, 61229937
2921, 61096280
2923, 62950071
2925, 63014100
2927, 61731880
2929, 61623100
2931, 62222439
2933, 61748376
2943, 61632442
2945, 62927467
2951, 62333098
2953, 62459334
2955, 61757890
2957, 64604569
2963, 63564988
2969, 61156515
2971, 62000808
2973, 62362146
2975, 64046590
2977, 63534197
2979, 64640311
2981, 61833176
2983, 60912568
2985, 65003769
2991, 62632817
2993, 63515083
2995, 65404469
3009, 65572227
3011, 63853655
3023, 63769531
3025, 65371271
3027, 64670696
3033, 60278369
3035, 64097584
3037, 64090657
3039, 65471251
3041, 64600706
3043, 65265759
3045, 66179587
3047, 64384307
3053, 65608142
3055, 64529971
3057, 64623466
3059, 64154545
3061, 63738699
3063, 62175458
3077, 63534948
3079, 63987050
3085, 65847704
3087, 65346497
3089, 64524918
3091, 63914582
3097, 66518982
3099, 65842149
3105, 66180802
3107, 66148174
3109, 66498155
3111, 65453841
3113, 66917985
3115, 65749316
3117, 67078919
3119, 65343358
3121, 64253069
3123, 67042475
3125, 65273211
3127, 66791550
3129, 66167113
3131, 67670710
3133, 67228448
3135, 63888770
3137, 66216844
3139, 63750233
3141, 65308389
3143, 67388433
3145, 66957774
3151, 66478351
3153, 67799006
3155, 68679995
3157, 67230771
3159, 65185439
3161, 67220809
3163, 68309117
3165, 67526821
3167, 65213998
3169, 67076534
3171, 65719476
3173, 67665144
3175, 70087295
3177, 63574762
3179, 68580497
3181, 67314100
3183, 69296293
3185, 71300999
3187, 67812114
3193, 68427160
3195, 67874532
3197, 66924079
3199, 67357375
3201, 66170940
3203, 68933985
3205, 69462315
3207, 70386093
3209, 69588932
3217, 66777668
3219, 66956738
3221, 69605482
3223, 61875924
3225, 69054284
3235, 70749831
3237, 69638540
3239, 89308900
3241, 70067310
3243, 66797411
3245, 67929614
3247, 67602119
3249, 68524269
3251, 67967487
3257, 71042529
3259, 69357363
3261, 68610679
3263, 71273427
3265, 69700431
3267, 68065595
3269, 70161688
3277, 69123999
3279, 71215109
3281, 70830561
3283, 70334331
3295, 70396017
3297, 70588038
3303, 66732273
3305, 69819042
3307, 68781916
3309, 71349823
3311, 71116933
3313, 70862481
3315, 71152719
3317, 69651827
3319, 72129185
3321, 71721511
3323, 72079473
3325, 70959826
3327, 71905833
3329, 71062963
3331, 66197104
3333, 72154835
3335, 70315893
3337, 72451234
3339, 72261499
3341, 70539153
3343, 70853700
3345, 68830640
3347, 70308912
3349, 64819991
3351, 72291083
3361, 69736070
3367, 72185876
3369, 70746029
3371, 70460278
3373, 72848072
3379, 73450102
3381, 73190597
3383, 72066999
3385, 69215719
3387, 67201791
3389, 72483974
3395, 72858926
3397, 69061719
3399, 72877198
3401, 72408859
3403, 74726439
3405, 72454718
3407, 73644464
3409, 71102660
3411, 73179881
3417, 73029636
3419, 71346555
3421, 71859611
3423, 72563407
3425, 73303947
3431, 73238346
3437, 74185049
3439, 69384662
3441, 73248112
3443, 71596266
3445, 73727183
3451, 75944056
3453, 73926102
3455, 71934181
3457, 70378103
3459, 72093529
3465, 74291362
3467, 73973086
3469, 74014046
3475, 73015939
3481, 76082206
3483, 74216951
3485, 71449432
3487, 71769684
3489, 76163493
3491, 69946348
3493, 77037129
3495, 76305850
3497, 74041622
3499, 76009063
3501, 75135421
3503, 75325782
3505, 72734453
3507, 74965962
3509, 73138020
3511, 74650095
3523, 74959646
3525, 74578836
3527, 76489926
3529, 74445349
3531, 72082704
3533, 75147354
3535, 69091546
3541, 72483343
3547, 77349707
3549, 73931487
3551, 75009964
3553, 76063824
3555, 74771956
3557, 73450475
3559, 77341487
3561, 73909082
3563, 75971375
3565, 73434166
3567, 74199239
3569, 76802328
3575, 60771776
3577, 75631694
3585, 71066301
3587, 73643656
3593, 76157234
3595, 75680391
3597, 75775594
3603, 77634022
3605, 74367881
3607, 78288625
3609, 77121595
3611, 77225754
3613, 77071196
3615, 78249816
3617, 75097453
3619, 75937092
3621, 77614098
3623, 78312258
3625, 76998534
3627, 77675413
3629, 78818730
3631, 73937053
3633, 77465334
3655, 78566896
3657, 76083947
3667, 77982383
3673, 79173673
3675, 77628208
3681, 78777968
3683, 75241614
3685, 78990687
3687, 78210098
3689, 79253557
3691, 79745386
3693, 77580717
3705, 76322631
3707, 79230815
3709, 79430133
3711, 78748637
3713, 81383080
3715, 78476888
3721, 77949254
3723, 78430622
3725, 81115883
3727, 78361301
3729, 80135465
3731, 81747005
3733, 79998203
3735, 80085731
3737, 77838671
3743, 80541056
3749, 78440249
3751, 82254552
3753, 81389037
3755, 80327945
3765, 80971145
3771, 78632594
3773, 79083920
3779, 79559725
3791, 82660148
3793, 80552838
3795, 83609809
3797, 80497833
3803, 82909489
3809, 81414884
3811, 82167900
3813, 82212823
3815, 80894772
3817, 80310400
3819, 80588923
3825, 80732153
3827, 74528906
3829, 81485750
3835, 80698079
3837, 80260773
3839, 79929633
3841, 82708142
3843, 79886463
3845, 82477824
3847, 82259525
3857, 82911314
3859, 84058467
3861, 80498089
3863, 83594686
3865, 84957102
3867, 81793054
3869, 82913987
3871, 83915515
3873, 83341996
3879, 79854651
3881, 80941228
3895, 81760493
3897, 84382654
3903, 85141745
3905, 84019675
3907, 81510655
3909, 82571909
3911, 83931453
3913, 81944123
3915, 84828066
3917, 83314440
3919, 81646155
3921, 81448308
3927, 81505323
3929, 84570103
3931, 84632985
3933, 80060652
3943, 83685815
3945, 81437588
3947, 81276044
3949, 79970041
3955, 83168142
3957, 85446187
3959, 84904393
3961, 83306704
3963, 86228214
3965, 84963717
3967, 81568050
3969, 85935928
3971, 84386425
3973, 85574923
3975, 84735773
3977, 85722814
3979, 80272650
3981, 85641489
3983, 86279841
3991, 84967100
3993, 86127469
3995, 83670704
3997, 86445779
3999, 83773523
4001, 84572141
4003, 77669146
4005, 84444434
4007, 85784539
4009, 86221581
4011, 87683992
4023, 82729695
4025, 85887872
4027, 84780525
4029, 84809028
4031, 88156284
4033, 82679102
4035, 87766962
4037, 89520712
4039, 87638600
4041, 85517930
4043, 85627540
4045, 84221391
4051, 85630311
4061, 85370972
4063, 87453898
4065, 82020467
4067, 87321430
4069, 86091523
4071, 87842395
4073, 82891869
4075, 87615475
4077, 87633512
4079, 87988271
4081, 86796129
4083, 85971146
4085, 86558326
4087, 87129982
4095, 88427770
4097, 86570498
4099, 89184099
4101, 88571553
4103, 89309092
4105, 86623717
4107, 87271578
4109, 89760843
4111, 86808696
4113, 86954241
4121, 88192400
4127, 87007925
4129, 90625984
4131, 82269529
4133, 89859566
4139, 88411412
4141, 88329708
4143, 87830095
4149, 87154308
4155, 88661322
4157, 86573517
4159, 92091901
4161, 89766264
4163, 89056203
4165, 87053329
4167, 90203500
4169, 88717509
4171, 86737889
4173, 88561352
4175, 90279806
4177, 87933825
4179, 83512262
4181, 89125497
4183, 89049626
4185, 88884610
4187, 89545357
4189, 88104113
4191, 88288633
4193, 86886393
4195, 88426319
4197, 87437840
4199, 90130455
4201, 86993990
4203, 87910230
4209, 85724676
4211, 88326212
4213, 86887852
4215, 89928281
4221, 93973498
4223, 91509513
4225, 86887579
4227, 89315706
4229, 89435948
4231, 92089580
4233, 89782273
4235, 90769115
4241, 87688150
4247, 86701651
4249, 92905912
4251, 90858299
4253, 89042450
4255, 91865276
4257, 91218905
4259, 90727671
4261, 88198984
4263, 89962460
4265, 92474359
4271, 89095883
4281, 90515983
4283, 91871289
4285, 90145324
4287, 92370993
4289, 89916136
4291, 89960692
4293, 92294404
4295, 90864885
4297, 93201828
4299, 90956464
4301, 90831626
4303, 88788094
4305, 91138979
4307, 92439638
4313, 92429141
4315, 93827324
4317, 91827559
4319, 91473267
4321, 91550783
4323, 91302396
4329, 91877957
4331, 92818161
4333, 89823054
4335, 91111548
4337, 90942924
4339, 89818137
4341, 95246691
4343, 91947861
4345, 87688879
4347, 92638652
4349, 91572943
4351, 93656358
4359, 91828488
4361, 91549714
4363, 95054874
4365, 92239550
4367, 95133712
4369, 87179076
4371, 92190560
4373, 87003575
4375, 92734810
4381, 93904625
4383, 94266594
4385, 93468017
4387, 91776542
4389, 107952871
4391, 91256966
4393, 
