5, 5, 5, 5, 204
15, 5, 7, 229
9, 679
11, 750
13, 908
15, 860
17, 19, 1125
21, 1976
23, 1788
25, 1836
27, 29, 1719
31, 2895
33, 2267
35, 2368
37, 2848
39, 41, 43, 2617
45, 4046
47, 49, 51, 2896
53, 3922
55, 4663
57, 4297
59, 4335
61, 3724
63, 4476
65, 7421
67, 7027
69, 9297
71, 73, 75, 9288
77, 79, 8647
81, 7837
83, 3968
85, 6474
87, 10605
89, 8292
91, 93, 7896
95, 8087
97, 13984
99, 12258
101, 8695
103, 10409
105, 11020
107, 10613
109, 11656
111, 7162
113, 7419
115, 8137
117, 10845
119, 12623
121, 13173
123, 7964
125, 10283
127, 13725
129, 12914
131, 15143
133, 11940
135, 14568
137, 13959
139, 10933
141, 11379
143, 13742
145, 147, 10851
149, 13624
151, 14744
153, 12668
155, 11455
157, 11974
159, 15458
161, 13913
163, 165, 15716
167, 22996
169, 12661
171, 15616
173, 11832
175, 177, 17460
179, 12243
181, 12802
183, 18745
185, 16259
187, 189, 15265
191, 18613
193, 15723
195, 18890
197, 20319
199, 18536
201, 203, 28536
205, 17256
207, 16710
209, 16992
211, 20743
213, 17017
215, 217, 25515
219, 26955
221, 19844
223, 16534
225, 14992
227, 14509
229, 19414
231, 25553
233, 22327
235, 24060
237, 19214
239, 241, 19275
243, 24083
245, 27333
247, 24579
249, 34702
251, 22695
253, 31149
255, 16323
257, 27452
259, 27862
261, 20516
263, 19458
265, 23671
267, 30577
269, 22620
271, 27464
273, 28870
275, 23722
277, 26103
279, 20384
281, 21697
283, 21465
285, 287, 28601
289, 26432
291, 33347
293, 25422
295, 28309
297, 40877
299, 33707
301, 27035
303, 35074
305, 30808
307, 33273
309, 23873
311, 313, 32860
315, 317, 28293
319, 30123
321, 25037
323, 325, 32381
327, 329, 27136
331, 333, 26295
335, 34855
337, 36162
339, 37734
341, 28544
343, 45293
345, 33318
347, 23452
349, 26510
351, 353, 27240
355, 40367
357, 49163
359, 361, 34095
363, 365, 367, 31153
369, 27929
371, 35608
373, 47700
375, 37143
377, 40820
379, 29430
381, 383, 37808
385, 41172
387, 33450
389, 391, 40802
393, 51898
395, 32796
397, 399, 45252
401, 31446
403, 38883
405, 30379
407, 46744
409, 34889
411, 48098
413, 41839
415, 42153
417, 41727
419, 39467
421, 45954
423, 30663
425, 427, 45037
429, 431, 48534
433, 48564
435, 47245
437, 37195
439, 42380
441, 39141
443, 35313
445, 56791
447, 44654
449, 50849
451, 453, 60050
455, 42808
457, 459, 39175
461, 46710
463, 43475
465, 33803
467, 49051
469, 471, 33281
473, 39886
475, 477, 48430
479, 56683
481, 36118
483, 37795
485, 44864
487, 489, 491, 42764
493, 39290
495, 497, 42596
499, 501, 42498
503, 54879
505, 58986
507, 44499
509, 511, 51568
513, 45422
515, 61550
517, 519, 49263
521, 53664
523, 59944
525, 51750
527, 62242
529, 51081
531, 50722
533, 67559
535, 43954
537, 39160
539, 45499
541, 61778
543, 58773
545, 49185
547, 46213
549, 45467
551, 75259
553, 60910
555, 63610
557, 50493
559, 37681
561, 563, 55983
565, 49648
567, 48922
569, 52402
571, 61086
573, 46661
575, 49979
577, 39306
579, 47791
581, 583, 59991
585, 60108
587, 55268
589, 74115
591, 37190
593, 61216
595, 49571
597, 47284
599, 73525
601, 54031
603, 53848
605, 607, 61506
609, 58032
611, 59845
613, 71984
615, 617, 62692
619, 65132
621, 43755
623, 55078
625, 81546
627, 57918
629, 59298
631, 40729
633, 635, 57238
637, 639, 641, 64616
643, 66091
645, 43541
647, 72266
649, 51989
651, 53355
653, 63770
655, 50381
657, 54623
659, 53405
661, 66502
663, 72724
665, 82649
667, 669, 60951
671, 55861
673, 74487
675, 62222
677, 58520
679, 59193
681, 39670
683, 55552
685, 687, 75115
689, 78380
691, 62202
693, 71332
695, 76127
697, 75213
699, 84629
701, 100693
703, 76583
705, 707, 52120
709, 63254
711, 92277
713, 715, 58675
717, 81190
719, 80997
721, 58077
723, 68330
725, 75472
727, 63682
729, 68290
731, 84645
733, 94412
735, 50614
737, 73424
739, 53978
741, 92395
743, 50922
745, 75184
747, 749, 71904
751, 90877
753, 67721
755, 67588
757, 77679
759, 67398
761, 86589
763, 765, 74710
767, 60927
769, 58771
771, 51207
773, 71365
775, 93713
777, 64922
779, 59039
781, 103686
783, 785, 45040
787, 68606
789, 72849
791, 65033
793, 78066
795, 94402
797, 89370
799, 95736
801, 803, 92326
805, 102498
807, 102093
809, 56107
811, 82270
813, 80548
815, 59753
817, 70081
819, 84564
821, 74780
823, 69897
825, 53087
827, 98523
829, 72069
831, 65187
833, 84635
835, 94854
837, 98935
839, 841, 89072
843, 76369
845, 847, 54424
849, 89557
851, 853, 74507
855, 69165
857, 859, 93572
861, 94986
863, 68783
865, 85779
867, 92067
869, 86312
871, 69295
873, 67809
875, 65678
877, 95833
879, 107344
881, 71364
883, 75020
885, 74048
887, 83872
889, 63508
891, 98338
893, 159716
895, 112989
897, 899, 901, 100643
903, 109727
905, 141617
907, 100417
909, 100587
911, 89347
913, 92436
915, 64365
917, 78358
919, 105445
921, 108631
923, 91814
925, 927, 929, 81359
931, 62607
933, 116220
935, 73711
937, 939, 941, 78460
943, 108413
945, 91092
947, 85737
949, 125636
951, 63311
953, 95626
955, 100931
957, 108165
959, 961, 101820
963, 965, 79424
967, 90201
969, 79695
971, 99567
973, 73520
975, 97067
977, 90478
979, 92513
981, 139810
983, 65791
985, 168255
987, 102094
989, 86092
991, 76932
993, 995, 69606
997, 86133
999, 96346
1001, 87111
1003, 107283
1005, 138829
1007, 1009, 128208
1011, 108743
1013, 109849
1015, 151309
1017, 1019, 67694
1021, 94345
1023, 105316
1025, 1027, 95299
1029, 1031, 101531
1033, 98773
1035, 105991
1037, 120036
1039, 101383
1041, 93637
1043, 101481
1045, 1047, 99666
1049, 1051, 85494
1053, 112006
1055, 1057, 114562
1059, 100337
1061, 84728
1063, 107179
1065, 99662
1067, 120462
1069, 96875
1071, 118032
1073, 131202
1075, 83465
1077, 104474
1079, 119674
1081, 77494
1083, 89240
1085, 87641
1087, 83629
1089, 101683
1091, 1093, 132709
1095, 219008
1097, 110567
1099, 112375
1101, 85502
1103, 130791
1105, 1107, 107013
1109, 109300
1111, 103119
1113, 123036
1115, 85940
1117, 92791
1119, 107940
1121, 107301
1123, 132117
1125, 90995
1127, 149687
1129, 113057
1131, 101488
1133, 1135, 1137, 95080
1139, 149760
1141, 1143, 89566
1145, 112865
1147, 109720
1149, 103253
1151, 91765
1153, 98411
1155, 97287
1157, 121910
1159, 126258
1161, 94632
1163, 128471
1165, 100237
1167, 1169, 111254
1171, 137661
1173, 139290
1175, 108526
1177, 103830
1179, 89545
1181, 130844
1183, 134446
1185, 97493
1187, 120174
1189, 126773
1191, 132645
1193, 129924
1195, 1197, 120775
1199, 1201, 150084
1203, 1205, 149583
1207, 179486
1209, 169735
1211, 106908
1213, 104373
1215, 125278
1217, 111936
1219, 143737
1221, 1223, 1225, 104951
1227, 117609
1229, 177406
1231, 107901
1233, 109547
1235, 127495
1237, 1239, 121754
1241, 115501
1243, 127175
1245, 94955
1247, 127988
1249, 145555
1251, 158551
1253, 1255, 108093
1257, 1259, 1261, 1263, 79476
1265, 130985
1267, 117436
1269, 95715
1271, 86283
1273, 134530
1275, 162134
1277, 131708
1279, 1281, 99465
1283, 93848
1285, 114740
1287, 123417
1289, 117236
1291, 1293, 260938
1295, 121676
1297, 91079
1299, 155668
1301, 129634
1303, 133861
1305, 98814
1307, 131395
1309, 138200
1311, 93342
1313, 117868
1315, 1317, 135205
1319, 154977
1321, 100497
1323, 142791
1325, 90755
1327, 129757
1329, 133379
1331, 164560
1333, 131254
1335, 99751
1337, 132715
1339, 97346
1341, 1343, 116813
1345, 163457
1347, 1349, 156119
1351, 106194
1353, 1355, 163971
1357, 97178
1359, 1361, 1363, 128517
1365, 1367, 1369, 119249
1371, 1373, 113534
1375, 133468
1377, 112269
1379, 132374
1381, 139609
1383, 162130
1385, 170102
1387, 138634
1389, 151799
1391, 137429
1393, 120285
1395, 116070
1397, 133237
1399, 130801
1401, 1403, 150722
1405, 145370
1407, 174961
1409, 189503
1411, 89460
1413, 166165
1415, 135344
1417, 116186
1419, 136125
1421, 179987
1423, 130693
1425, 97633
1427, 147081
1429, 175139
1431, 135411
1433, 161353
1435, 1437, 166288
1439, 138071
1441, 139343
1443, 127923
1445, 1447, 1449, 140547
1451, 113005
1453, 110467
1455, 131446
1457, 126638
1459, 142512
1461, 162104
1463, 147091
1465, 138276
1467, 1469, 1471, 113685
1473, 186450
1475, 150450
1477, 202387
1479, 164473
1481, 161648
1483, 1485, 190103
1487, 244364
1489, 1491, 96866
1493, 124162
1495, 1497, 162126
1499, 144204
1501, 108694
1503, 126539
1505, 126143
1507, 128209
1509, 115689
1511, 145685
1513, 116787
1515, 138553
1517, 113800
1519, 112194
1521, 161601
1523, 171795
1525, 132852
1527, 124309
1529, 143938
1531, 145688
1533, 218109
1535, 157382
1537, 125035
1539, 155541
1541, 139382
1543, 1545, 1547, 160569
1549, 1551, 113422
1553, 106319
1555, 149714
1557, 118413
1559, 173403
1561, 187255
1563, 149623
1565, 184877
1567, 160286
1569, 125757
1571, 139295
1573, 150516
1575, 138553
1577, 170867
1579, 189443
1581, 112761
1583, 118901
1585, 189196
1587, 145138
1589, 202214
1591, 136771
1593, 159675
1595, 156042
1597, 135522
1599, 221772
1601, 152007
1603, 136444
1605, 163335
1607, 146445
1609, 160880
1611, 131291
1613, 158299
1615, 137176
1617, 160262
1619, 145492
1621, 171486
1623, 171301
1625, 166945
1627, 189483
1629, 111085
1631, 144390
1633, 1635, 196727
1637, 121034
1639, 1641, 198663
1643, 168487
1645, 143063
1647, 184939
1649, 133146
1651, 127126
1653, 148339
1655, 1657, 1659, 127814
1661, 134603
1663, 210294
1665, 191653
1667, 195165
1669, 160092
1671, 169608
1673, 154269
1675, 106517
1677, 193528
1679, 169045
1681, 157941
1683, 180188
1685, 184163
1687, 219501
1689, 168950
1691, 160306
1693, 130050
1695, 185648
1697, 187848
1699, 179829
1701, 116205
1703, 127319
1705, 142670
1707, 169320
1709, 1711, 137421
1713, 182963
1715, 198109
1717, 1719, 1721, 169319
1723, 1725, 201076
1727, 180269
1729, 127055
1731, 140655
1733, 188762
1735, 131934
1737, 215340
1739, 175621
1741, 190121
1743, 171490
1745, 1747, 1749, 1751, 271327
1753, 169980
1755, 193444
1757, 207465
1759, 143365
1761, 192402
1763, 130291
1765, 1767, 1769, 197553
1771, 166791
1773, 172190
1775, 106682
1777, 135166
1779, 153992
1781, 214176
1783, 196440
1785, 1787, 163965
1789, 205067
1791, 229897
1793, 236534
1795, 196319
1797, 199126
1799, 147997
1801, 146005
1803, 179643
1805, 1807, 1809, 160867
1811, 1813, 181366
1815, 108589
1817, 306476
1819, 197506
1821, 168079
1823, 191095
1825, 130967
1827, 244868
1829, 296414
1831, 284456
1833, 1835, 183510
1837, 236774
1839, 158922
1841, 200115
1843, 198753
1845, 155609
1847, 163982
1849, 169446
1851, 144849
1853, 181027
1855, 1857, 160000
1859, 173391
1861, 181197
1863, 137969
1865, 205615
1867, 201536
1869, 247074
1871, 149238
1873, 1875, 237131
1877, 1879, 222545
1881, 185448
1883, 1885, 157860
1887, 221073
1889, 182763
1891, 230418
1893, 205865
1895, 207635
1897, 129436
1899, 209729
1901, 173496
1903, 181383
1905, 147883
1907, 227969
1909, 178449
1911, 153595
1913, 1915, 153990
1917, 148797
1919, 1921, 195013
1923, 211380
1925, 203094
1927, 229940
1929, 128298
1931, 139836
1933, 160174
1935, 252055
1937, 253468
1939, 165942
1941, 293660
1943, 198899
1945, 130632
1947, 204279
1949, 215258
1951, 189884
1953, 215815
1955, 205878
1957, 157621
1959, 203777
1961, 169229
1963, 175741
1965, 147640
1967, 188994
1969, 231051
1971, 150504
1973, 166764
1975, 1977, 1979, 158202
1981, 220701
1983, 196700
1985, 130094
1987, 186718
1989, 203542
1991, 155970
1993, 184446
1995, 1997, 170836
1999, 172658
2001, 209518
2003, 297764
2005, 202451
2007, 175864
2009, 140747
2011, 2013, 207181
2015, 185738
2017, 203530
2019, 248147
2021, 181996
2023, 2025, 2027, 155690
2029, 182917
2031, 227241
2033, 226562
2035, 213629
2037, 206608
2039, 180417
2041, 223671
2043, 204114
2045, 193141
2047, 186723
2049, 2051, 180403
2053, 144552
2055, 169622
2057, 202889
2059, 204853
2061, 180669
2063, 229588
2065, 187318
2067, 205259
2069, 272509
2071, 205721
2073, 202949
2075, 172758
2077, 200778
2079, 230828
2081, 204119
2083, 189696
2085, 2087, 219307
2089, 164364
2091, 2093, 228866
2095, 2097, 193660
2099, 220061
2101, 294573
2103, 199438
2105, 173065
2107, 216681
2109, 202878
2111, 180276
2113, 225205
2115, 2117, 133269
2119, 183442
2121, 2123, 306667
2125, 200479
2127, 263783
2129, 190941
2131, 217350
2133, 175550
2135, 261947
2137, 197833
2139, 153516
2141, 184420
2143, 199799
2145, 235616
2147, 219762
2149, 157076
2151, 174195
2153, 232149
2155, 240209
2157, 2159, 249528
2161, 202415
2163, 196240
2165, 257013
2167, 208031
2169, 192688
2171, 214258
2173, 186830
2175, 241387
2177, 293820
2179, 199373
2181, 2183, 169096
2185, 249106
2187, 267653
2189, 230688
2191, 276573
2193, 213414
2195, 202091
2197, 164023
2199, 2201, 233711
2203, 177948
2205, 141559
2207, 190056
2209, 231272
2211, 246741
2213, 223792
2215, 241604
2217, 170162
2219, 2221, 199851
2223, 174165
2225, 169181
2227, 309453
2229, 233075
2231, 170577
2233, 239788
2235, 367484
2237, 217738
2239, 231665
2241, 181373
2243, 224320
2245, 206820
2247, 185018
2249, 239171
2251, 397078
2253, 278738
2255, 284230
2257, 188948
2259, 157921
2261, 227879
2263, 234750
2265, 200347
2267, 239282
2269, 224491
2271, 196141
2273, 219627
2275, 239731
2277, 246704
2279, 273589
2281, 220457
2283, 2285, 217856
2287, 208648
2289, 239214
2291, 2293, 175799
2295, 161153
2297, 234745
2299, 222294
2301, 223807
2303, 2305, 2307, 263620
2309, 269695
2311, 239055
2313, 274950
2315, 211927
2317, 215828
2319, 250215
2321, 190076
2323, 2325, 2327, 231903
2329, 224417
2331, 263672
2333, 296540
2335, 337358
2337, 249987
2339, 171346
2341, 246676
2343, 251123
2345, 2347, 2349, 210186
2351, 2353, 2355, 2357, 218147
2359, 225395
2361, 202793
2363, 217961
2365, 2367, 2369, 296826
2371, 234677
2373, 2375, 254191
2377, 209717
2379, 250546
2381, 293818
2383, 231253
2385, 288618
2387, 244316
2389, 293620
2391, 2393, 214219
2395, 2397, 234051
2399, 300687
2401, 217671
2403, 209712
2405, 230590
2407, 200839
2409, 222632
2411, 192837
2413, 308929
2415, 170270
2417, 258281
2419, 211281
2421, 262426
2423, 248511
2425, 2427, 268392
2429, 273511
2431, 252631
2433, 278179
2435, 2437, 260124
2439, 262333
2441, 249688
2443, 246888
2445, 321509
2447, 268491
2449, 259811
2451, 262013
2453, 237961
2455, 254407
2457, 2459, 257171
2461, 251488
2463, 171537
2465, 275808
2467, 257166
2469, 2471, 2473, 173508
2475, 2477, 260777
2479, 243349
2481, 2483, 307121
2485, 223614
2487, 210450
2489, 235896
2491, 271359
2493, 242100
2495, 228800
2497, 261740
2499, 215601
2501, 191197
2503, 228723
2505, 196204
2507, 307742
2509, 243157
2511, 278131
2513, 287250
2515, 2517, 230253
2519, 266343
2521, 216442
2523, 262221
2525, 164874
2527, 2529, 280822
2531, 220154
2533, 198985
2535, 213968
2537, 288866
2539, 207688
2541, 203308
2543, 438695
2545, 246442
2547, 2549, 250942
2551, 205106
2553, 249918
2555, 224084
2557, 312666
2559, 2561, 252696
2563, 260338
2565, 219846
2567, 2569, 211664
2571, 274853
2573, 249279
2575, 253015
2577, 296783
2579, 260227
2581, 272883
2583, 299171
2585, 2587, 358160
2589, 298628
2591, 281730
2593, 207025
2595, 192996
2597, 2599, 2601, 249163
2603, 350985
2605, 354758
2607, 208928
2609, 274359
2611, 247411
2613, 227670
2615, 215990
2617, 308928
2619, 285017
2621, 386514
2623, 2625, 267518
2627, 234422
2629, 274821
2631, 249651
2633, 290296
2635, 2637, 245544
2639, 203638
2641, 233657
2643, 2645, 277123
2647, 275198
2649, 2651, 261326
2653, 361169
2655, 315575
2657, 273866
2659, 314229
2661, 309544
2663, 281585
2665, 193431
2667, 385939
2669, 342624
2671, 190482
2673, 274449
2675, 268685
2677, 339588
2679, 245732
2681, 299933
2683, 282353
2685, 2687, 273133
2689, 2691, 272243
2693, 229030
2695, 299194
2697, 312393
2699, 264137
2701, 2703, 246565
2705, 273020
2707, 309727
2709, 275088
2711, 231430
2713, 322073
2715, 2717, 216553
2719, 268276
2721, 258186
2723, 294467
2725, 313782
2727, 178446
2729, 223935
2731, 